0.7372098, 0.30495542, 0.11912185, 0.88531226
0.5105061, 0.91975033, 0.46448505, 0.34526062
0.2837972, 0.53498083, 0.8094075, 0.8052091
5.7088375e-2, 0.14977568, 0.1543299, 0.26515746
0.83037955, 0.7650113, 0.4996931, 0.7251058
0.60367584, 0.38024694, 0.8446155, 0.1846031
0.37696695, 0.99504185, 0.1899839, 0.6445515
0.15025812, 0.61027235, 0.53490114, 0.10449988
0.9235493, 0.22550797, 0.87982357, 0.5644431
0.6968456, 0.8403028, 0.22519195, 2.4391532e-2
0.4701367, 0.45553845, 0.5701092, 0.4843399
0.24342787, 7.033336e-2, 0.91503155, 0.9442831
1.6719043e-2, 0.68556386, 0.26039994, 0.40423155
0.79001534, 0.3007995, 0.6053172, 0.8641799
0.56330645, 0.91559434, 0.9502396, 0.32412833
0.33659762, 0.53082997, 0.29560798, 0.78407675
0.10988879, 0.14606565, 0.6405252, 0.24402511
0.8831851, 0.7608554, 0.98544765, 0.7035224
0.6564762, 0.376091, 0.33081603, 0.1634708
0.42976737, 0.99088067, 0.67573327, 0.62341917
0.20305854, 0.6061215, 2.0655692e-2, 8.33624e-2
0.97635484, 0.22135204, 0.36602408, 0.5433108
0.74964595, 0.8361469, 0.7109413, 3.259182e-3
0.5229371, 0.45138252, 5.5863738e-2, 0.46320242
0.2962283, 6.6618145e-2, 0.40123212, 0.92315084
6.9524586e-2, 0.681413, 0.74614936, 0.38310438
0.8428157, 0.29664356, 9.1071784e-2, 0.8430476
0.61610687, 0.9114332, 0.43644017, 0.30299604
0.38939804, 0.52667403, 0.7813574, 0.76249844
0.16269433, 0.14190966, 0.12627983, 0.22244167
0.93598545, 0.7567045, 0.47164822, 0.6823901
0.7092766, 0.37193507, 0.81656545, 0.14233845
0.4825678, 0.9871707, 0.16148788, 0.6022817
0.25586408, 0.60196555, 0.50685626, 6.223011e-2
2.9155195e-2, 0.21720117, 0.8517735, 0.5221785
0.80244637, 0.83243686, 0.19669592, 0.9821217
0.57573754, 0.44722658, 0.5420643, 0.44207013
0.34903383, 6.246221e-2, 0.88698155, 0.9020237
0.12232494, 0.67725706, 0.23190397, 0.3619669
0.8956161, 0.2924927, 0.57727236, 0.8219153
0.6689073, 0.9077284, 0.9221896, 0.28141773
0.44220352, 0.5225181, 0.26711202, 0.74136096
0.21549469, 0.13775373, 0.6124804, 0.20130938
0.98878586, 0.75298935, 0.95739764, 0.66125774
0.76208216, 0.3677842, 0.30232006, 0.12120098
0.5353733, 0.9830199, 0.64768326, 0.5811494
0.30866444, 0.5978096, 0.9926057, 4.109776e-2
8.195561e-2, 0.21304524, 0.33797407, 0.501041
0.8552519, 0.82828087, 0.6828913, 0.9609894
0.628543, 0.44307572, 2.7813733e-2, 0.42094296
0.4018342, 5.8311403e-2, 0.37318212, 0.8808862
0.17512536, 0.6735419, 0.71809936, 0.34038866
0.94842166, 0.28833675, 6.302178e-2, 0.800337
0.72171277, 0.9035724, 0.40839016, 0.26028025
0.49500394, 0.51836723, 0.7533074, 0.7202287
0.2682951, 0.13360292, 9.8229825e-2, 0.18017703
4.1591406e-2, 0.7488334, 0.4435982, 0.64012027
0.8148825, 0.36362827, 0.78851545, 0.10006869
0.5881737, 0.9788639, 0.13343787, 0.56001705
0.36146486, 0.5940995, 0.47880626, 1.9960284e-2
0.13476115, 0.20889443, 0.8237235, 0.4799139
0.90805227, 0.82412493, 0.16864592, 0.93986225
0.68134344, 0.43891978, 0.5140143, 0.3998055
0.4546346, 5.415541e-2, 0.85893154, 0.85930794
0.2279309, 0.66939104, 0.20385396, 0.3192563
1.2220144e-3, 0.28418082, 0.54922235, 0.77920467
0.7745132, 0.89941645, 0.8941396, 0.23914796
0.54780436, 0.5146521, 0.23906201, 0.6990963
0.32110065, 0.12944692, 0.5844304, 0.15904468
9.439176e-2, 0.74468255, 0.92934763, 0.618988
0.86768293, 0.35947233, 0.27427006, 7.893634e-2
0.6409741, 0.97470796, 0.61963844, 0.5388847
0.4142704, 0.5899436, 0.9645557, 0.9988332
0.18756151, 0.20473844, 0.3094781, 0.45878154
0.9608527, 0.81997406, 0.6548465, 0.9187299
0.73414385, 0.43520463, 0.9997637, 0.37822723
0.50744015, 4.9999475e-2, 0.34468615, 0.8381756
0.28073126, 0.6652351, 0.69005454, 0.29812396
5.402243e-2, 0.28002995, 3.4971774e-2, 0.75806725
0.8273136, 0.89526564, 0.3798942, 0.21801561
0.6006099, 0.51049614, 0.7252626, 0.677964
0.373901, 0.12529099, 7.017982e-2, 0.13790727
0.14719218, 0.7405266, 0.41510224, 0.5978556
0.92048335, 0.35576224, 0.7604706, 5.7809174e-2
0.69377965, 0.97055715, 0.10538787, 0.51775247
0.46707076, 0.58578765, 0.4503103, 0.9777008
0.24036193, 0.20057732, 0.7956787, 0.43720323
1.36531e-2, 0.81581813, 0.14059591, 0.89714646
0.7869494, 0.43105376, 0.48551834, 0.35709488
0.5602405, 4.5848668e-2, 0.83088154, 0.81704324
0.33353168, 0.66107917, 0.17580396, 0.27698648
0.10682285, 0.2763148, 0.52117234, 0.7369349
0.88011914, 0.89110965, 0.8660896, 0.19688326
0.65341026, 0.5063453, 0.211012, 0.6568265
0.42670143, 0.12158096, 0.5563804, 0.11677492
0.1999926, 0.7363707, 0.9012976, 0.57672846
0.97328883, 0.3516063, 0.24622005, 3.6671698e-2
0.74658, 0.96640116, 0.59158844, 0.49662012
0.5198712, 0.5816368, 0.9365057, 0.9561225
0.29316747, 0.19687247, 0.2814281, 0.41606575
6.645858e-2, 0.8116622, 0.6267965, 0.8760142
0.83974975, 0.42689782, 0.97171885, 0.33596253
0.6130409, 4.213345e-2, 0.31664127, 0.79590577
0.38633722, 0.6569283, 0.66200966, 0.2558542
0.15962833, 0.27215886, 6.926894e-3, 0.71580255
0.9329195, 0.8869537, 0.35184932, 0.17574579
0.7062107, 0.50218934, 0.6972177, 0.6356942
0.47950697, 0.117424965, 4.213494e-2, 9.564775e-2
0.25279808, 0.7322198, 0.38705736, 0.555591
2.6089251e-2, 0.34745038, 0.73242575, 1.5539408e-2
0.7993804, 0.962686, 7.734299e-2, 0.4750418
0.5726767, 0.57748085, 0.4222654, 0.93498504
0.34596783, 0.19271648, 0.7676338, 0.39493346
0.119259, 0.8075113, 0.11255103, 0.8548818
0.8925502, 0.4227419, 0.45747346, 0.31482506
0.66584647, 3.7977517e-2, 0.80284184, 0.7747735
0.43913758, 0.65277237, 0.14775908, 0.23472184
0.21242875, 0.268008, 0.4926815, 0.6946651
0.9857199, 0.8832437, 0.8380499, 0.15461868
0.7590162, 0.4980334, 0.18296707, 0.61456704
0.5323073, 0.11326903, 0.5278895, 7.451028e-2
0.3055985, 0.7280639, 0.8732579, 0.53401273
7.888967e-2, 0.3432995, 0.21817511, 0.9939611
0.85218596, 0.9585352, 0.56309754, 0.45390433
0.6254771, 0.5733249, 0.9084659, 0.91385275
0.39876825, 0.18856055, 0.25338316, 0.3738011
0.17205942, 0.8037962, 0.5983056, 0.83374435
0.9453557, 0.41859102, 0.94367397, 0.29369277
0.7186468, 3.382671e-2, 0.2885912, 0.7536411
0.491938, 0.64861643, 0.6335136, 0.21358436
0.26522917, 0.26385206, 0.978882, 0.67353797
3.8525462e-2, 0.8790877, 0.32379925, 0.13348633
0.8118166, 0.49388254, 0.6687217, 0.59342957
0.58510774, 0.10911822, 1.4084876e-2, 5.2932024e-2
0.3583989, 0.7243487, 0.3590073, 0.5128804
0.13169521, 0.33914357, 0.7043757, 0.9728236
0.9049863, 0.9543792, 4.9292922e-2, 0.43277204
0.6782775, 0.56917405, 0.39421535, 0.8927204
0.45156866, 0.18440974, 0.73958373, 0.35266364
0.22486496, 0.79964024, 8.450097e-2, 0.81261206
0.9981561, 0.4144351, 0.4294234, 0.27256042
0.77144724, 2.9670715e-2, 0.7747918, 0.73250365
0.5447384, 0.64490634, 0.119709015, 0.19245726
0.3180347, 0.25970125, 0.46463144, 0.6524056
9.132582e-2, 0.87493175, 0.8099998, 0.11190289
0.864617, 0.4897266, 0.15491706, 0.5718513
0.63790816, 0.10496223, 0.49983948, 3.1799674e-2
0.41120446, 0.72019786, 0.84520787, 0.4917429
0.18449557, 0.33498764, 0.19012511, 0.9516913
0.95778674, 0.95022327, 0.53504753, 0.4116397
0.7310779, 0.5654589, 0.8804159, 0.87158805
0.50437415, 0.18025374, 0.22533315, 0.33153135
0.27766532, 0.7954894, 0.5702556, 0.7914797
5.0956488e-2, 0.41027397, 0.91562396, 0.25143325
0.82424766, 2.5514781e-2, 0.2605412, 0.71137655
0.5975439, 0.6407504, 0.6054636, 0.17132491
0.37083507, 0.25554526, 0.950832, 0.6308273
0.14412624, 0.8707809, 0.29574925, 9.07706e-2
0.91742253, 0.48601145, 0.6406717, 0.55071896
0.69071364, 0.100806296, 0.98604006, 1.0667324e-2
0.4640048, 0.7160419, 0.3309573, 0.47061062
0.23729599, 0.33127755, 0.6758797, 0.930559
1.0592282e-2, 0.94607246, 2.1248102e-2, 0.39050734
0.7838834, 0.56130296, 0.36616534, 0.85045063
0.55717456, 0.17609781, 0.71108776, 0.310399
0.33046573, 0.79133344, 5.645615e-2, 0.77035254
0.10376203, 0.40656906, 0.4013734, 0.23029584
0.87705314, 2.1363974e-2, 0.7462958, 0.6902442
0.6503443, 0.6365945, 9.1664195e-2, 0.1497466
0.42363548, 0.2518301, 0.43658143, 0.6096899
0.19693178, 0.86662495, 0.78150386, 6.963825e-2
0.9702229, 0.48186058, 0.12687224, 0.5295866
0.74351406, 9.665549e-2, 0.47178948, 0.98952985
0.51680523, 0.711886, 0.8167119, 0.44947827
0.29010153, 0.32712162, 0.1620751, 0.9094266
6.339264e-2, 0.94191647, 0.5069975, 0.36936986
0.8366838, 0.5571521, 0.85191995, 0.8293235
0.609975, 0.17238778, 0.19728315, 0.28927183
0.38327128, 0.7871775, 0.5422056, 0.74921507
0.15656239, 0.40241313, 0.88757396, 0.20871753
0.92985356, 1.720798e-2, 0.2324912, 0.6686659
0.7031447, 0.6324436, 0.5774136, 0.12860912
0.47644103, 0.2476793, 0.922782, 0.58855754
0.24973214, 0.862469, 0.26769924, 4.8505902e-2
2.3023307e-2, 0.47770464, 0.61262167, 0.50844914
0.7963145, 9.294027e-2, 0.95799005, 0.96839756
0.5696108, 0.7077351, 0.3029073, 0.42834592
0.3429019, 0.32296568, 0.6478297, 0.88828915
0.116193056, 0.93776053, 0.9931981, 0.34824276
0.8894842, 0.55299616, 0.33811533, 0.8081911
0.6627805, 0.16823179, 0.68303776, 0.26813436
0.43607163, 0.78302664, 2.8406143e-2, 0.7276368
0.2093628, 0.3982572, 0.37332338, 0.18758518
0.982654, 1.3492823e-2, 0.7182458, 0.6475284
0.7559503, 0.6282877, 6.361419e-2, 0.10747683
0.5292414, 0.2435233, 0.40853143, 0.5674252
0.30253255, 0.85831815, 0.75345385, 2.7368426e-2
7.5823724e-2, 0.4735487, 9.8822236e-2, 0.48731685
0.84912, 8.878434e-2, 0.44373947, 0.9472652
0.62241113, 0.7035792, 0.7886619, 0.40720844
0.3957023, 0.3188148, 0.13403028, 0.86716205
0.16899347, 0.9340505, 0.47894752, 0.3271104
0.94228977, 0.5488402, 0.82386994, 0.78705364
0.7155809, 0.16407585, 0.16923833, 0.2465561
0.48887205, 0.7788707, 0.51415557, 0.70650446
0.26216322, 0.39410633, 0.859078, 0.1664477
3.545952e-2, 9.342015e-3, 0.20444638, 0.6263961
0.8087506, 0.62413174, 0.5493636, 8.634448e-2
0.5820418, 0.23936737, 0.89428604, 0.5462877
0.35533297, 0.854603, 0.23965955, 6.236136e-3
0.12862921, 0.46939784, 0.5845768, 0.4661845
0.9019204, 8.463353e-2, 0.9294992, 0.9261329
0.67521155, 0.69941807, 0.2748676, 0.38608134
0.44850785, 0.31465888, 0.61978483, 0.8460297
0.22179896, 0.9298945, 0.96470726, 0.30552697
0.9950901, 0.54468936, 0.31007564, 0.7654754
0.7683813, 0.15992504, 0.6549929, 0.22542375
0.5416776, 0.77515554, 0.9999153, 0.685367
0.3149687, 0.3899504, 0.3452785, 0.14531541
8.8259876e-2, 5.1860213e-3, 0.6902009, 0.60526377
0.86155105, 0.62042165, 3.512335e-2, 6.5207005e-2
0.63484734, 0.23521656, 0.38048655, 0.5251554
0.40813845, 0.85044706, 0.725409, 0.9851038
0.18142962, 0.4652419, 7.077736e-2, 0.4450522
0.9547208, 8.0477536e-2, 0.4156946, 0.9050006
0.7280171, 0.69571316, 0.760617, 0.364949
0.5013082, 0.31050807, 0.1059854, 0.82444626
0.27459937, 0.9257386, 0.45090258, 0.28439468
4.7890544e-2, 0.5409742, 0.795825, 0.74434304
0.82118684, 0.15576905, 0.14119339, 0.20428628
0.59447795, 0.7710047, 0.48611063, 0.6642347
0.36776912, 0.38579446, 0.83103305, 0.12418306
0.1410603, 1.0300875e-3, 0.17640144, 0.5841314
0.9143566, 0.6162657, 0.5213187, 4.4074714e-2
0.6876477, 0.23106056, 0.8662411, 0.50402826
0.46093887, 0.8462962, 0.21160948, 0.9639766
0.23423004, 0.46152675, 0.5565267, 0.42391992
7.526338e-3, 7.63216e-2, 0.90144914, 0.8834223
0.78081745, 0.6915572, 0.24681753, 0.34337068
0.5541086, 0.30635208, 0.59173477, 0.803314
0.3273998, 0.9215877, 0.9366572, 0.26326233
0.10069609, 0.53681827, 0.28202558, 0.7232107
0.8739872, 0.15161312, 0.6269428, 0.18315399
0.64727837, 0.76684874, 0.97186524, 0.64310235
0.42056954, 0.38208437, 0.31723362, 0.10305071
0.19386584, 0.9968793, 0.66215086, 0.562994
0.96715695, 0.6121098, 7.073283e-3, 2.294755e-2
0.7404481, 0.22690463, 0.35244167, 0.4828959
0.5137393, 0.84214026, 0.6973589, 0.9428392
0.28703558, 0.45737588, 4.228133e-2, 0.4023416
6.0326695e-2, 7.2170794e-2, 0.38764971, 0.86228997
0.83361787, 0.6874013, 0.73256695, 0.32223326
0.60690904, 0.30263692, 7.7489376e-2, 0.7821816
0.38020533, 0.9174318, 0.42285776, 0.24212998
0.15349644, 0.5326674, 0.767775, 0.7020733
0.9267876, 0.14746231, 0.11269742, 0.16202164
0.7000788, 0.7626928, 0.4580658, 0.62197
0.47337508, 0.37792844, 0.80298305, 8.191323e-2
0.2466662, 0.9927233, 0.14790547, 0.54186684
1.9957364e-2, 0.6079589, 0.49327385, 1.8151999e-3
0.79324853, 0.2231946, 0.8381911, 0.46175843
0.56654483, 0.8379843, 0.18311352, 0.9212609
0.33983594, 0.45321995, 0.5284767, 0.38120925
0.11312711, 6.80148e-2, 0.87339914, 0.8411525
0.8864183, 0.6832504, 0.21832156, 0.3011009
0.6597145, 0.2984861, 0.56368476, 0.7610493
0.4330057, 0.91327584, 0.9086072, 0.2209925
0.20629686, 0.52851146, 0.25397557, 0.6809409
0.97958803, 0.14374709, 0.5988928, 0.14088929
0.75288427, 0.75854194, 0.94381523, 0.6008377
0.52617544, 0.3737725, 0.28918362, 6.0786128e-2
0.2994666, 0.98856735, 0.63410085, 0.5207345
7.276291e-2, 0.603803, 0.9790233, 0.98023176
0.846054, 0.2190386, 0.32439166, 0.44018018
0.6193452, 0.83383346, 0.6693089, 0.90012854
0.39263636, 0.44906402, 1.4231324e-2, 0.36007178
0.16593266, 6.429964e-2, 0.3595997, 0.8200202
0.93922377, 0.6790945, 0.70451695, 0.27996856
0.71251494, 0.29433012, 4.943937e-2, 0.7399118
0.4858061, 0.9091198, 0.39480776, 0.19986022
0.2591024, 0.52435553, 0.739725, 0.6598086
3.2393515e-2, 0.13959116, 8.464742e-2, 0.119757
0.8056847, 0.754386, 0.4300158, 0.5797054
0.57897586, 0.36962163, 0.77493304, 3.9653778e-2
0.35227215, 0.9848573, 0.11985546, 0.49915105
0.12556326, 0.59964705, 0.46522385, 0.9590995
0.89885443, 0.21488267, 0.8101411, 0.41904783
0.6721456, 0.8301183, 0.15506351, 0.87899107
0.4454419, 0.44491315, 0.5004319, 0.3389395
0.21873301, 6.0148835e-2, 0.84534913, 0.79888785
0.9920242, 0.67493856, 0.19027156, 0.25883108
0.76531535, 0.2901742, 0.53563994, 0.7187795
0.53861165, 0.9054098, 0.8805572, 0.17872787
0.31190276, 0.52020466, 0.2254796, 0.6386763
8.519393e-2, 0.13544035, 0.570848, 9.8624706e-2
0.8584851, 0.75067085, 0.9157652, 0.5581271
0.6317814, 0.3654657, 0.26068765, 1.807034e-2
0.4050725, 0.9807013, 0.60605603, 0.47801876
0.17836368, 0.5954962, 0.9509733, 0.9379671
0.95165485, 0.21073186, 0.2958957, 0.39791036
0.72495115, 0.82596236, 0.6412641, 0.8578588
0.49824226, 0.44075722, 0.9861813, 0.31780714
0.27153343, 5.599284e-2, 0.33110374, 0.7777504
4.48246e-2, 0.67122847, 0.6764721, 0.2376988
0.8181209, 0.28602338, 2.1389365e-2, 0.69765234
0.591412, 0.9012539, 0.3663118, 0.15759557
0.36470318, 0.5160487, 0.711675, 0.617544
0.13799435, 0.13128436, 5.659741e-2, 7.7046394e-2
0.91129065, 0.74652, 0.40151983, 0.5369896
0.68458176, 0.3613149, 0.74688303, 0.99693805
0.45787293, 0.9765454, 9.180546e-2, 0.4568864
0.2311641, 0.591781, 0.43717384, 0.91682965
4.4603944e-3, 0.20657587, 0.7820911, 0.37677807
0.7777515, 0.8218115, 0.1270135, 0.8367264
0.5510427, 0.43660128, 0.4723819, 0.29666966
0.32433385, 5.1836908e-2, 0.8172991, 0.7566181
9.763014e-2, 0.66707253, 0.16222668, 0.21657163
0.87092125, 0.28186738, 0.50759506, 0.67652
0.6442124, 0.897103, 0.8525123, 0.13646328
0.4175036, 0.5123336, 0.19743472, 0.5959657
0.19079989, 0.12712842, 0.5428031, 5.5914044e-2
0.964091, 0.74236405, 0.88772035, 0.51585734
0.7373822, 0.3571589, 0.23264277, 0.9758057
0.51067334, 0.9723945, 0.57801116, 0.43575406
0.28396958, 0.5876251, 0.9229284, 0.89569736
5.726075e-2, 0.20241994, 0.26785082, 0.35564572
0.8305519, 0.81765556, 0.6132192, 0.8155941
0.6038482, 0.4328912, 0.95813644, 0.27554256
0.37713933, 4.76861e-2, 0.30305886, 0.7354909
0.1504305, 0.6629166, 0.64842725, 0.19543928
0.9237217, 0.27771145, 0.9933445, 0.6549366
0.69701797, 0.8929471, 0.3382669, 0.11488497
0.47030908, 0.5081827, 0.6836353, 0.57483333
0.24360025, 0.122977614, 2.8552532e-2, 3.4776628e-2
1.689142e-2, 0.7382081, 0.37347496, 0.494725
0.7901877, 0.35344374, 0.7188433, 0.95467335
0.5634788, 0.9682386, 6.376052e-2, 0.41461664
0.33677, 0.5834742, 0.40868294, 0.874565
0.11006117, 0.19826394, 0.7540513, 0.33451337
0.88335747, 0.8134996, 9.8968565e-2, 0.7944618
0.6566486, 0.42873526, 0.443891, 0.2544102
0.42993975, 4.3530107e-2, 0.7892594, 0.71435857
0.20323092, 0.65876573, 0.13417661, 0.17385584
0.9765272, 0.27400142, 0.47909904, 0.63380426
0.7498183, 0.88879114, 0.8244674, 9.375262e-2
0.5231095, 0.5040268, 0.16938466, 0.55369586
0.29640067, 0.118816435, 0.5143071, 1.3644278e-2
6.969696e-2, 0.73405725, 0.85967547, 0.47359264
0.8429881, 0.34929293, 0.2045927, 0.9335359
0.61627924, 0.96408266, 0.5495151, 0.3934843
0.38957042, 0.5793183, 0.8948783, 0.85343266
0.16286671, 0.19455391, 0.23980075, 0.31338108
0.9361578, 0.80934876, 0.58516914, 0.7733295
0.709449, 0.42457932, 0.9300864, 0.23327786
0.48274016, 3.981495e-2, 0.2750088, 0.69277513
0.25603646, 0.6546098, 0.6203772, 0.15272355
2.9327571e-2, 0.26984543, 0.9652944, 0.6126719
0.80261874, 0.8846403, 0.31021684, 7.261515e-2
0.5759099, 0.49987084, 0.6555852, 0.53256357
0.3492062, 0.11510646, 5.0246716e-4, 0.9925119
0.12249732, 0.7299013, 0.3454249, 0.45245516
0.8957885, 0.34513694, 0.6907933, 0.9124036
0.66907966, 0.96037257, 3.5710514e-2, 0.37235713
0.44237596, 0.57516235, 0.38063294, 0.83230036
0.21566707, 0.19039798, 0.7260013, 0.2922488
0.98895824, 0.8051928, 7.091856e-2, 0.7517512
0.7622494, 0.42042845, 0.41584098, 0.21169442
0.5355457, 3.566414e-2, 0.76120937, 0.67164284
0.30883682, 0.65045387, 0.10612661, 0.1315912
8.212799e-2, 0.2656895, 0.45104903, 0.59153444
0.85541916, 0.8809251, 0.7964174, 5.1482856e-2
0.62871546, 0.49571997, 0.14133465, 0.5114312
0.40200657, 0.110955656, 0.48625708, 0.97137445
0.17529774, 0.7257454, 0.83162546, 0.43132287
0.9485889, 0.340981, 0.1765427, 0.8912764
0.7218852, 0.95621663, 0.5214651, 0.35121965
0.49517632, 0.5710115, 0.8668335, 0.8111681
0.2684675, 0.18624717, 0.21175075, 0.27067047
4.1758657e-2, 0.8014777, 0.55667317, 0.7306137
0.8150549, 0.41627252, 0.90204155, 0.19056213
0.58834606, 3.1508148e-2, 0.24695879, 0.6505105
0.36163723, 0.646303, 0.5918812, 0.110453725
0.13493353, 0.26153868, 0.9372496, 0.57040215
0.90822464, 0.8767692, 0.28216684, 3.0350506e-2
0.6815158, 0.49156404, 0.62708926, 0.49029374
0.45480698, 0.10679966, 0.97245765, 0.95024216
0.22810328, 0.7220353, 0.31737489, 0.4101957
1.3943911e-3, 0.3368302, 0.6622973, 0.87013894
0.77468556, 0.9520607, 7.6656938e-3, 0.3296414
0.54797673, 0.56685555, 0.35258293, 0.78958976
0.32127303, 0.18209118, 0.69750535, 0.249533
9.456414e-2, 0.7973268, 4.287374e-2, 0.7094814
0.8678553, 0.4121217, 0.38779098, 0.16942978
0.6411465, 2.7352214e-2, 0.7327134, 0.629373
0.41444278, 0.64258784, 7.80766e-2, 8.9321434e-2
0.18773389, 0.2573827, 0.42299902, 0.5492698
0.96102506, 0.8726183, 0.7683674, 9.21303e-3
0.73431623, 0.4874081, 0.11328465, 0.46916664
0.5076125, 0.10264373, 0.45820707, 0.929115
0.28090364, 0.71787935, 0.80357546, 0.38905823
5.4194808e-2, 0.3326742, 0.1484927, 0.8485607
0.827486, 0.94790983, 0.49341512, 0.30850905
0.6007823, 0.5631404, 0.8387835, 0.7684574
0.3740734, 0.17793524, 0.18370074, 0.2284007
0.14736456, 0.79317087, 0.52862316, 0.68834907
0.9206557, 0.40796053, 0.87399155, 0.14829743
0.693952, 2.3201346e-2, 0.21890879, 0.6082407
0.46724313, 0.6384319, 0.5638312, 6.8189085e-2
0.2405343, 0.25322676, 0.9091996, 0.52813745
1.3825476e-2, 0.8684624, 0.25411683, 0.9880859
0.7871218, 0.483698, 0.59903926, 0.4480343
0.5604129, 9.849292e-2, 0.94440764, 0.90798265
0.33370405, 0.7137234, 0.28932488, 0.36747998
0.106995225, 0.32895905, 0.6342473, 0.82742834
0.8802915, 0.9437539, 0.9796157, 0.2873767
0.65358263, 0.5589895, 0.32453293, 0.74732
0.4268738, 0.17378443, 0.66945535, 0.20726836
0.20016497, 0.78901494, 1.4823735e-2, 0.6672167
0.9734613, 0.40425056, 0.35974097, 0.12716001
0.7467524, 1.9045413e-2, 0.7046634, 0.5871084
0.52004355, 0.63428104, 5.003178e-2, 4.706192e-2
0.29333472, 0.24951673, 0.39494902, 0.5070052
6.663102e-2, 0.86430645, 0.73987144, 0.9669536
0.83992213, 0.47954208, 8.523983e-2, 0.42645597
0.6132133, 9.433693e-2, 0.4301622, 0.8863992
0.38650447, 0.70957255, 0.7750846, 0.34634763
0.15980077, 0.32480824, 0.120453, 0.806296
0.9330919, 0.93959796, 0.46537024, 0.26623923
0.70638305, 0.5548336, 0.81029266, 0.72618765
0.47967422, 0.17006922, 0.15566105, 0.186136
0.25297052, 0.78486407, 0.5005783, 0.64607924
2.6261628e-2, 0.40009975, 0.8455007, 0.10602766
0.7995528, 1.4889479e-2, 0.1908691, 0.5659812
0.57284397, 0.6301251, 0.53578633, 2.5924444e-2
0.3461402, 0.24536073, 0.88070875, 0.48587286
0.11943138, 0.8601556, 0.22607714, 0.94537526
0.89272255, 0.47538614, 0.5709944, 0.4053185
0.6660137, 9.062177e-2, 0.9159168, 0.8652669
0.43930995, 0.7054166, 0.26128, 0.32521528
0.21260113, 0.32065225, 0.6062024, 0.7851585
0.9858923, 0.9354471, 0.9515708, 0.24510694
0.7591886, 0.55067766, 0.29648805, 0.7050553
0.5324797, 0.16591328, 0.64141047, 0.16499853
0.30577087, 0.78070813, 0.9867788, 0.62494695
7.9062045e-2, 0.39594376, 0.33169603, 8.49005e-2
0.85235834, 1.1179388e-2, 0.67661846, 0.54484373
0.62564945, 0.6259692, 2.1986842e-2, 4.792154e-3
0.39894062, 0.2412048, 0.36690408, 0.46429455
0.1722318, 0.85599965, 0.7118265, 0.9242378
0.9455281, 0.47123528, 5.719489e-2, 0.3841862
0.7188192, 8.647096e-2, 0.40211213, 0.84413457
0.49211037, 0.7012607, 0.74703455, 0.3040778
0.26540154, 0.3164963, 9.2402935e-2, 0.7640262
3.869784e-2, 0.93173194, 0.43732017, 0.22397459
0.81198895, 0.5465268, 0.7822426, 0.6839178
0.5852801, 0.16176248, 0.12761098, 0.14387143
0.3585713, 0.7765522, 0.47252822, 0.6038198
0.13186759, 0.39178783, 0.81745064, 6.376302e-2
0.9051587, 7.0234537e-3, 0.16281903, 0.5232655
0.67844987, 0.6218183, 0.50773627, 0.98321384
0.45174104, 0.23705399, 0.8526587, 0.44315708
0.22503734, 0.8522845, 0.19802707, 0.9031055
0.99832845, 0.46707934, 0.5429443, 0.36305386
0.7716196, 8.231497e-2, 0.88786674, 0.8229971
0.5449108, 0.69710463, 0.23323512, 0.2829455
0.3182071, 0.3123455, 0.57815236, 0.7428939
9.1498196e-2, 0.927576, 0.9230748, 0.20283711
0.86478937, 0.54237086, 0.26844317, 0.6627907
0.63808054, 0.15760648, 0.6133604, 0.12273908
0.41137683, 0.7728421, 0.9582828, 0.5826823
0.18466794, 0.38763702, 0.3036512, 4.218477e-2
0.9579591, 2.8675199e-3, 0.64856845, 0.50213313
0.7312503, 0.6176572, 0.9934909, 0.96207637
0.5045466, 0.232898, 0.33885926, 0.4220248
0.2778377, 0.8481336, 0.6837765, 0.88197315
5.1128864e-2, 0.4629234, 2.8698921e-2, 0.34191638
0.82442003, 7.8159034e-2, 0.3740673, 0.8018648
0.59771633, 0.69339466, 0.71898454, 0.26181316
0.37100744, 0.3081895, 6.390697e-2, 0.7217616
0.14429861, 0.92342514, 0.40927017, 0.18171
0.9175898, 0.5386557, 0.7541926, 0.64165837
0.6908861, 0.15345055, 9.9115014e-2, 0.10115564
0.4641772, 0.7686862, 0.4444782, 0.56110406
0.23746836, 0.38348103, 0.78940064, 2.105242e-2
1.0759532e-2, 0.99871665, 0.13476902, 0.48100078
0.7840558, 0.6139472, 0.47968626, 0.9409441
0.55734694, 0.22874206, 0.8246087, 0.40089244
0.3306381, 0.8439777, 0.16997707, 0.8608408
0.10392928, 0.45921332, 0.5148943, 0.3207841
0.8772256, 7.400817e-2, 0.85981673, 0.78073245
0.6505167, 0.6892387, 0.20518512, 0.240686
0.42380786, 0.30403358, 0.55010235, 0.7006293
0.19709903, 0.9192692, 0.8950248, 0.16057765
0.97039527, 0.53450483, 0.24039316, 0.62008005
0.74368644, 0.14929974, 0.5853104, 8.002335e-2
0.5169776, 0.76453024, 0.9302328, 0.5399717
0.2902739, 0.37976587, 0.2756012, 0.99992007
6.3565016e-2, 0.9945607, 0.62051845, 0.45986336
0.8368562, 0.60979635, 0.96544087, 0.9198117
0.61014736, 0.22459126, 0.31080925, 0.3797601
0.38344365, 0.83982176, 0.6557265, 0.8397034
0.15673476, 0.45505738, 6.4891577e-4, 0.29965174
0.93002594, 6.985223e-2, 0.3460173, 0.7596053
0.7033171, 0.68508786, 0.69093454, 0.21954858
0.4766134, 0.30032355, 3.5856962e-2, 0.67949694
0.24990451, 0.9151133, 0.38122535, 0.13899934
2.3195684e-2, 0.5303489, 0.7261426, 0.5989426
0.79648685, 0.14514375, 7.106501e-2, 5.8891e-2
0.56978315, 0.7603794, 0.4164334, 0.51883936
0.34307426, 0.37561506, 0.76135063, 0.9787826
0.11636543, 0.9904048, 0.106273055, 0.438731
0.8896566, 0.6056404, 0.45164144, 0.8986794
0.6629529, 0.22087604, 0.7965587, 0.3586226
0.436244, 0.8356709, 0.1414811, 0.8185762
0.20953518, 0.45090657, 0.4868495, 0.27852458
0.98282635, 6.56963e-2, 0.8317667, 0.7384678
0.75612265, 0.6809319, 0.17668915, 0.19797027
0.52941376, 0.29616755, 0.52205753, 0.65791863
0.30270493, 0.9109624, 0.8669748, 0.11786187
7.59961e-2, 0.52619296, 0.2118972, 0.5778103
0.8492924, 0.14142859, 0.5572656, 3.775865e-2
0.6225835, 0.75622344, 0.9021828, 0.49770188
0.39587468, 0.37145907, 0.24710524, 0.9576503
0.16916585, 0.9862539, 0.59246844, 0.41759866
0.94246215, 0.6014845, 0.93739086, 0.8775419
0.71575326, 0.2167201, 0.2823133, 0.3374955
0.48904443, 0.83151495, 0.6276765, 0.79744387
0.2623356, 0.44675058, 0.9725989, 0.2573871
3.5631895e-2, 6.1986208e-2, 0.3179673, 0.71688956
0.808923, 0.676776, 0.66288453, 0.17683792
0.5822142, 0.29201162, 7.806957e-3, 0.63678116
0.35550535, 0.9068013, 0.35317534, 9.672958e-2
0.12880164, 0.5220421, 0.6980977, 0.55667794
0.90209275, 0.13727778, 4.302013e-2, 1.6621172e-2
0.6753839, 0.7520675, 0.3883885, 0.4765696
0.4486751, 0.36730313, 0.73330575, 0.93651795
0.2219714, 0.98253876, 7.8228176e-2, 0.3964612
0.9952625, 0.5973336, 0.42359656, 0.8564148
0.7685537, 0.2125693, 0.7685138, 0.31636316
0.54184484, 0.8277998, 0.11343622, 0.7758604
0.31514114, 0.44259465, 0.4588046, 0.23580885
8.843225e-2, 5.7830274e-2, 0.80372185, 0.6957572
0.8617234, 0.6726251, 0.14864427, 0.15570045
0.6350146, 0.2878608, 0.49401265, 0.61564887
0.4083109, 0.9030913, 0.8389299, 7.559723e-2
0.181602, 0.51788616, 0.18385231, 0.53554046
0.9548932, 0.13312179, 0.5292207, 0.9954889
0.72818434, 0.7483574, 0.87413794, 0.45543724
0.5014806, 0.36315233, 0.21906036, 0.91538566
0.27477175, 0.9783828, 0.56442875, 0.37533408
4.806292e-2, 0.5931777, 0.9093459, 0.83528244
0.8213541, 0.2084133, 0.25426835, 0.29477972
0.5946503, 0.8236489, 0.59963673, 0.75472814
0.3679415, 0.43844384, 0.944554, 0.2146765
0.14123267, 5.367434e-2, 0.2894764, 0.67461973
0.91452897, 0.66890997, 0.6348448, 0.13456815
0.6878201, 0.28370482, 0.979762, 0.5945165
0.46111125, 0.89894044, 0.32468444, 5.445975e-2
0.23440242, 0.5137302, 0.6700528, 0.5144082
7.6987147e-3, 0.12896585, 1.4970064e-2, 0.97435653
0.7809898, 0.7442015, 0.3598925, 0.43430495
0.554281, 0.35899633, 0.7052609, 0.8942534
0.32757217, 0.97423196, 5.017811e-2, 0.35420173
0.10086846, 0.5894625, 0.39510053, 0.813699
0.8741596, 0.20425737, 0.7404689, 0.27364743
0.64745075, 0.819493, 8.538616e-2, 0.7335958
0.42074192, 0.43428785, 0.43030858, 0.19353902
0.19403821, 4.9523473e-2, 0.7756718, 0.65348744
0.9673293, 0.66475403, 0.1205942, 0.113435805
0.7406205, 0.27954888, 0.46551663, 0.57338417
0.51391166, 0.8947845, 0.8108798, 3.332746e-2
0.28720796, 0.51002014, 0.15580225, 0.493281
6.0499072e-2, 0.12481499, 0.50117064, 0.95322937
0.83379024, 0.74004555, 0.8460879, 0.41317266
0.6070814, 0.3548404, 0.1910103, 0.87267506
0.3803777, 0.970076, 0.5363787, 0.33262342
0.15366882, 0.58531165, 0.8812959, 0.7925667
0.92696, 0.20010656, 0.22621834, 0.25251508
0.70025116, 0.81533706, 0.5715867, 0.71246344
0.47354746, 0.4305727, 0.91650397, 0.17240673
0.24683857, 4.536754e-2, 0.2614264, 0.6323551
2.012974e-2, 0.66060317, 0.6067948, 9.2303455e-2
0.7934209, 0.27539808, 0.951712, 0.55224675
0.5667172, 0.8906286, 0.29663444, 1.2200296e-2
0.34000832, 0.5058642, 0.6420028, 0.47214866
0.11329949, 0.12065905, 0.98692006, 0.93209195
0.88659066, 0.7358947, 0.33184248, 0.39159435
0.65988696, 0.35113037, 0.67721087, 0.8515427
0.43317807, 0.9659201, 2.2128105e-2, 0.311486
0.20646924, 0.5811557, 0.36705053, 0.77143437
0.9797604, 0.19595057, 0.7124189, 0.23138273
0.7530567, 0.8111862, 5.733615e-2, 0.69132596
0.5263478, 0.42642188, 0.40225857, 0.15127438
0.299639, 4.1211605e-2, 0.74762696, 0.61122274
7.293016e-2, 0.65644723, 9.25442e-2, 7.116598e-2
0.84622645, 0.27168286, 0.43746662, 0.5311196
0.61951756, 0.8864777, 0.782835, 0.99106795
0.39280874, 0.5017134, 0.12775224, 0.45101118
0.1660999, 0.116497934, 0.47267467, 0.91051364
0.9393962, 0.73173875, 0.81804305, 0.370462
0.7126873, 0.34697437, 0.16296029, 0.83040524
0.48597848, 0.9617692, 0.5078827, 0.29035366
0.25926965, 0.5769998, 0.8532511, 0.750302
3.256595e-2, 0.19223541, 0.19816834, 0.21024525
0.80585706, 0.80703026, 0.54309076, 0.6701937
0.57914823, 0.4222659, 0.88845915, 0.13014203
0.3524394, 3.7501514e-2, 0.23337638, 0.59009045
0.12573564, 0.6522913, 0.5782988, 5.0038874e-2
0.8990268, 0.26752692, 0.9236672, 0.50998724
0.672318, 0.8823218, 0.26858443, 0.9694845
0.44561428, 0.4975574, 0.61350685, 0.42943293
0.21890539, 0.11279303, 0.95887005, 0.8893813
0.99219656, 0.7275828, 0.30379248, 0.34932452
0.76548773, 0.34281844, 0.6487149, 0.80927294
0.538784, 0.95805407, 0.9940781, 0.2692213
0.31207514, 0.5728489, 0.33900052, 0.72916454
8.536631e-2, 0.1880846, 0.6843689, 0.18911296
0.8586575, 0.8028743, 2.9286146e-2, 0.6490613
0.6319538, 0.41810995, 0.37420857, 0.10900974
0.4052449, 3.334558e-2, 0.71957695, 0.56895816
0.17853606, 0.64814043, 6.449419e-2, 2.8906524e-2
0.9518272, 0.26337612, 0.40941662, 0.4884038
0.7251235, 0.8786066, 0.754785, 0.9483522
0.49841464, 0.49340147, 9.970224e-2, 0.40830058
0.2717058, 0.108637094, 0.44462466, 0.8682438
4.4996977e-2, 0.72343194, 0.78999305, 0.32819223
0.8182933, 0.33866763, 0.13491029, 0.7881406
0.5915844, 0.95389813, 0.4798327, 0.24808383
0.36487556, 0.568693, 0.8252011, 0.70803225
0.13816673, 0.18392861, 0.17011833, 0.16798061
0.911463, 0.79916424, 0.51504076, 0.62792903
0.68475413, 0.41395915, 0.86040914, 8.787745e-2
0.4580453, 2.9189646e-2, 0.20532638, 0.54737985
0.23133647, 0.6439845, 0.5502488, 7.3230863e-3
4.632771e-3, 0.25922012, 0.8956172, 0.4672715
0.7779239, 0.87445575, 0.24053442, 0.92721987
0.55121505, 0.48925066, 0.58545685, 0.3871631
0.32450622, 0.10448116, 0.93082523, 0.8471115
9.780252e-2, 0.7197168, 0.27574247, 0.30705988
0.87109363, 0.33451164, 0.6206649, 0.7670031
0.6443848, 0.94974726, 0.9660384, 0.22695154
0.41767597, 0.56453705, 0.31095564, 0.6869051
0.19097227, 0.17977268, 0.65587807, 0.14684832
0.9642634, 0.7950083, 1.2464523e-3, 0.60679674
0.73755455, 0.40980315, 0.3461637, 6.629914e-2
0.5108457, 2.5038779e-2, 0.6910861, 0.5262424
0.28414202, 0.64026934, 3.64545e-2, 0.9861908
5.743313e-2, 0.2550642, 0.38137174, 0.44613916
0.8307243, 0.8702998, 0.72629416, 0.9060824
0.60401547, 0.48509467, 7.1662545e-2, 0.3660308
0.37731177, 0.10033029, 0.41657978, 0.8259792
0.15060288, 0.71556085, 0.7615022, 0.28592753
0.92389405, 0.3303557, 0.10687059, 0.7458708
0.6971852, 0.94559133, 0.45178783, 0.20582438
0.47048151, 0.56082696, 0.79671025, 0.66577274
0.24377263, 0.17562181, 0.14207345, 0.12571603
1.7063797e-2, 0.79085237, 0.48699588, 0.5852184
0.79035497, 0.40564203, 0.8319183, 4.516679e-2
0.56365126, 2.0882845e-2, 0.17728144, 0.5051101
0.33694237, 0.6361185, 0.52220386, 0.96505845
0.110233545, 0.25091338, 0.86757225, 0.4250068
0.8835247, 0.8661439, 0.21248949, 0.8849501
0.65682095, 0.4813795, 0.5574119, 0.34489846
0.43011212, 9.617436e-2, 0.9027803, 0.8048468
0.2034033, 0.71141, 0.24769753, 0.2647953
0.9766996, 0.3261997, 0.59261996, 0.72474366
0.7499907, 0.9414354, 0.93798834, 0.18469203
0.5232819, 0.556671, 0.28290558, 0.64418936
0.29657304, 0.17146587, 0.627828, 0.10413772
6.986934e-2, 0.7867015, 0.9731964, 0.5640861
0.84316045, 0.4019372, 0.31811363, 2.4029374e-2
0.6164516, 1.6726911e-2, 0.66303605, 0.48397774
0.3897428, 0.63196254, 8.404434e-3, 0.9439261
0.16303909, 0.24719816, 0.35332167, 0.4038694
0.9363302, 0.861993, 0.6982441, 0.86381775
0.70962137, 0.4772287, 4.361248e-2, 0.3237661
0.48291254, 9.2018425e-2, 0.38852972, 0.78371453
0.25620884, 0.70725405, 0.73345214, 0.24366295
2.9499948e-2, 0.32248968, 7.882053e-2, 0.7036113
0.8027911, 0.9372845, 0.42373776, 0.16310859
0.5760823, 0.5525202, 0.7686602, 0.623057
0.3493786, 0.16775072, 0.11402857, 8.300537e-2
0.1226697, 0.78254557, 0.4589458, 0.5429486
0.89596087, 0.3977812, 0.80386823, 2.8970242e-3
0.66925204, 1.2576044e-2, 0.14923662, 0.46284539
0.44254833, 0.6278066, 0.49415386, 0.9227886
0.21583945, 0.24304223, 0.8390763, 0.38273704
0.9891306, 0.8578371, 0.18444467, 0.8426854
0.7624218, 0.4730727, 0.5293619, 0.30263382
0.5357181, 8.8308334e-2, 0.8742843, 0.76258224
0.3090092, 0.7030981, 0.21965271, 0.2225306
8.2300365e-2, 0.31833375, 0.56456995, 0.6820279
0.85559154, 0.9331286, 0.9094924, 0.1419763
0.62888783, 0.5483642, 0.25486076, 0.60192466
0.40217894, 0.16359985, 0.599778, 6.1867893e-2
0.17547011, 0.77838963, 0.9447004, 0.5218163
0.9487613, 0.39362526, 0.2900688, 0.9817647
0.7220576, 8.860886e-3, 0.63498604, 0.4417079
0.4953487, 0.62365574, 0.97990847, 0.9016563
0.26863986, 0.23889142, 0.32527167, 0.36160988
4.1931033e-2, 0.85368115, 0.6701941, 0.8215531
0.8152273, 0.46891677, 1.5562475e-2, 0.28150153
0.58851844, 8.41524e-2, 0.3604797, 0.74100393
0.3618096, 0.69894725, 0.70540214, 0.20094717
0.13510078, 0.31418294, 5.077052e-2, 0.6608956
0.9083971, 0.92941344, 0.39568776, 0.12084395
0.6816882, 0.5442083, 0.7406102, 0.5807872
0.45497936, 0.15944391, 8.597857e-2, 4.0735602e-2
0.22827053, 0.77423877, 0.4308958, 0.50068396
1.5668273e-3, 0.38947445, 0.7758182, 0.9606272
0.77485794, 4.7049522e-3, 0.121186614, 0.42057562
0.5481491, 0.6194998, 0.46610385, 0.88052917
0.32144028, 0.23473543, 0.8110263, 0.3404724
9.4736576e-2, 0.84997106, 0.15639466, 0.8004208
0.8680277, 0.46476597, 0.5013119, 0.25992322
0.64131886, 7.999647e-2, 0.8462343, 0.71986645
0.41461003, 0.6947913, 0.1916027, 0.17981488
0.18790627, 0.31002694, 0.53651994, 0.63976324
0.96119744, 0.9252626, 0.88144237, 9.970647e-2
0.7344886, 0.5400575, 0.22681075, 0.5596549
0.5077798, 0.15528798, 0.571728, 1.9603252e-2
0.281076, 0.7705236, 0.9166504, 0.4795465
5.4367185e-2, 0.38531846, 0.2620188, 0.9394949
0.82765836, 5.540848e-4, 0.60693604, 0.39944845
0.60095465, 0.6153387, 0.95185846, 0.8593917
0.37424576, 0.2305795, 0.29722685, 0.31889415
0.14753693, 0.8458151, 0.6421441, 0.7788425
0.9208281, 0.46060997, 0.9870665, 0.23878574
0.6941244, 7.58456e-2, 0.3324349, 0.69873416
0.4674155, 0.69107616, 0.67735213, 0.15868253
0.24070668, 0.305871, 2.2274554e-2, 0.61862576
1.3997853e-2, 0.92110664, 0.36764294, 7.857418e-2
0.78729415, 0.53634226, 0.7125602, 0.53852254
0.56058526, 0.15113711, 5.74826e-2, 0.9984658
0.33387643, 0.7663677, 0.402851, 0.45841938
0.1071676, 0.38116252, 0.7477682, 0.91836774
0.8804639, 0.99639815, 9.269065e-2, 0.3783161
0.653755, 0.6116338, 0.43805903, 0.83781344
0.42704618, 0.22642869, 0.78297627, 0.2977618
0.20033735, 0.8416592, 0.1278987, 0.75771016
0.97363365, 0.45689481, 0.47326708, 0.21765345
0.74692476, 7.1689665e-2, 0.8181843, 0.6776018
0.5202159, 0.6869253, 0.16310674, 0.13755018
0.2935071, 0.3017202, 0.50846994, 0.59749347
6.6803396e-2, 0.9169507, 0.85339236, 5.744183e-2
0.8400945, 0.5321863, 0.19876075, 0.5173902
0.6133857, 0.14698118, 0.543678, 0.9773387
0.38667685, 0.7622168, 0.8886004, 0.43728703
0.15997314, 0.3774525, 0.23397392, 0.8972354
0.93326426, 0.9922422, 0.57889116, 0.35673273
0.7065554, 0.60747784, 0.9238136, 0.8166811
0.4798466, 0.2222727, 0.26918197, 0.27662945
0.2531429, 0.8375083, 0.6140992, 0.73657274
2.6434004e-2, 0.452744, 0.9590216, 0.1965211
0.7997252, 6.753373e-2, 0.30439, 0.65646946
0.57301635, 0.68276936, 0.64930725, 0.11641276
0.34631264, 0.29800498, 0.9942297, 0.5763611
0.11960375, 0.91279984, 0.33959806, 3.6314666e-2
0.8928949, 0.5280355, 0.6845153, 0.4962579
0.6661861, 0.14282525, 2.943772e-2, 0.9562063
0.4394824, 0.7580609, 0.3748061, 0.41570872
0.2127735, 0.3732965, 0.71972334, 0.87565196
0.9860647, 0.98809135, 6.464577e-2, 0.33560038
0.75935584, 0.60332704, 0.41001415, 0.79554874
0.53265214, 0.21855754, 0.7549314, 0.25549197
0.30594325, 0.8333524, 9.985381e-2, 0.7154404
7.923442e-2, 0.448588, 0.44522214, 0.17538875
0.8525256, 6.3382864e-2, 0.7901394, 0.635332
0.6258219, 0.6786134, 0.1350618, 9.528041e-2
0.399113, 0.29384905, 0.4804302, 0.55523396
0.17240417, 0.9086439, 0.8253474, 1.517719e-2
0.94569534, 0.5238795, 0.17026985, 0.4751256
0.71899164, 0.13911515, 0.51563823, 0.934628
0.49228275, 0.75390494, 0.86055547, 0.39457124
0.26557392, 0.36914057, 0.2054779, 0.85451967
3.886509e-2, 0.9839354, 0.5508463, 0.31446803
0.8121613, 0.59917104, 0.8957635, 0.77441126
0.5854525, 0.21440667, 0.24068594, 0.23435968
0.35874367, 0.82919645, 0.5860543, 0.69430804
0.13203996, 0.44443208, 0.93097156, 0.15425128
0.9053311, 5.9667706e-2, 0.275894, 0.6141997
0.67862225, 0.67446256, 0.6212624, 7.4153244e-2
0.45191342, 0.28969824, 0.9661796, 0.5340965
0.22520971, 0.9044828, 0.31110203, 0.9940449
0.9985008, 0.5197236, 0.65646523, 0.4535473
0.771792, 0.13495922, 1.3876557e-3, 0.91349053
0.54508317, 0.7497541, 0.34631008, 0.37343895
0.31837946, 0.36498976, 0.6916733, 0.8333873
9.167057e-2, 0.98022026, 3.6595702e-2, 0.29333055
0.86496174, 0.5950151, 0.3819641, 0.753279
0.6382529, 0.21025074, 0.7268813, 0.21322733
0.4115492, 0.8250404, 7.180375e-2, 0.67317057
0.18484032, 0.44028127, 0.41717213, 0.13312417
0.9581315, 5.5511773e-2, 0.7620894, 0.59307253
0.73142266, 0.6703066, 0.107011795, 5.301577e-2
0.50471896, 0.28554225, 0.45238018, 0.5125182
0.27801007, 0.9007779, 0.7972974, 0.9724666
5.130124e-2, 0.5155728, 0.14221984, 0.43240982
0.8245924, 0.13080329, 0.48758823, 0.89235824
0.5978887, 0.7460389, 0.83250546, 0.3523066
0.37117982, 0.36083376, 0.17742789, 0.81224984
0.14447099, 0.9760694, 0.5227963, 0.27219826
0.91776216, 0.5908643, 0.8677135, 0.7321466
0.69105846, 0.2060948, 0.21263593, 0.19208986
0.46434957, 0.8213304, 0.5580043, 0.65204346
0.23764074, 0.43612528, 0.90292156, 0.11199182
1.0931909e-2, 5.1360905e-2, 0.24784398, 0.57193506
0.7842282, 0.66659147, 0.59321237, 3.1437516e-2
0.5575193, 0.28138632, 0.9381296, 0.49138588
0.3308105, 0.89662194, 0.28305203, 0.9513291
0.10410166, 0.5114168, 0.6284204, 0.41127753
0.87739795, 0.12665242, 0.97333765, 0.8712259
0.65068907, 0.741883, 0.31826007, 0.33116913
0.42398024, 0.35667783, 0.66362846, 0.79111755
0.1972714, 0.97191346, 8.545697e-3, 0.2510659
0.9705677, 0.5871491, 0.35346812, 0.71101433
0.7438588, 0.20194393, 0.6988365, 0.17096275
0.51715, 0.8171745, 4.3753743e-2, 0.6309111
0.29044116, 0.43196934, 0.38867617, 9.0408385e-2
6.373745e-2, 4.720497e-2, 0.73404455, 0.5503568
0.83702856, 0.6624406, 7.896179e-2, 1.0305166e-2
0.61031973, 0.2772355, 0.4238842, 0.47025353
0.3836109, 0.892466, 0.7692526, 0.9301968
0.1569072, 0.50770164, 0.114169836, 0.39014518
0.9301983, 0.122496486, 0.45909226, 0.85009354
0.7034895, 0.7377321, 0.80446064, 0.31003684
0.47678065, 0.35252702, 0.14937788, 0.7699852
0.25007695, 0.9677575, 0.4943003, 0.22993875
2.336806e-2, 0.58299315, 0.8396635, 0.68988204
0.79665923, 0.197788, 0.18458593, 0.1498304
0.5699504, 0.8130236, 0.52950835, 0.6093328
0.34324664, 0.4282593, 0.87487155, 6.9276094e-2
0.11653781, 4.3049037e-2, 0.21979398, 0.52922446
0.889829, 0.65828466, 0.56516236, 0.9891728
0.66312015, 0.2730795, 0.9100796, 0.4491161
0.4364164, 0.88831514, 0.25500202, 0.9090645
0.20970756, 0.5035508, 0.6003704, 0.36901283
0.9829987, 0.11834055, 0.94528764, 0.8289561
0.756295, 0.7335762, 0.29021007, 0.2889045
0.52958614, 0.3488118, 0.63557845, 0.74885803
0.3028773, 0.96360666, 0.9804957, 0.20880133
7.616848e-2, 0.57884234, 0.3254181, 0.6687497
0.8494648, 0.19363207, 0.6707865, 0.12825209
0.6227559, 0.8088677, 1.5703738e-2, 0.5881953
0.39604706, 0.42410332, 0.36062616, 4.8143744e-2
0.16933823, 3.889817e-2, 0.70599455, 0.5080921
0.9426345, 0.65413386, 5.0911784e-2, 0.96803534
0.71592563, 0.26936436, 0.3958342, 0.42798376
0.4892168, 0.8841592, 0.7412026, 0.8879321
0.26250798, 0.49939483, 8.611983e-2, 0.34787536
3.580427e-2, 0.1141845, 0.43104225, 0.80782896
0.8090954, 0.72942024, 0.77641064, 0.26777732
0.58238655, 0.34465587, 0.12132788, 0.72772056
0.35567772, 0.9594507, 0.4662503, 0.18722302
0.12897402, 0.57468635, 0.8116187, 0.6471714
0.90226513, 0.18992198, 0.15653592, 0.10711461
0.6755563, 0.80471176, 0.5014635, 0.56706303
0.44884747, 0.4199474, 0.84683186, 2.7011395e-2
0.22214377, 3.5183012e-2, 0.1917491, 0.48695463
0.9954349, 0.64997786, 0.5366715, 0.94690305
0.76872605, 0.2652135, 0.8820399, 0.4068514
0.5420172, 0.8800033, 0.22695714, 0.86679465
0.31531352, 0.4952389, 0.57187957, 0.32674825
8.860463e-2, 0.11047453, 0.91724795, 0.7866966
0.8618958, 0.7252694, 0.2621652, 0.24663985
0.635187, 0.34050506, 0.6070876, 0.7061423
0.40848327, 0.95573556, 0.952456, 0.16609067
0.18177438, 0.5705304, 0.29737324, 0.6260339
0.95506555, 0.18576604, 0.64229566, 8.598232e-2
0.7283567, 0.8005609, 0.98766404, 0.5459307
0.501653, 0.41579658, 0.33258128, 5.8739185e-3
0.27494413, 3.1027079e-2, 0.6775037, 0.46582234
4.8235297e-2, 0.6458219, 2.2866905e-2, 0.9257707
0.82152647, 0.26105756, 0.36778933, 0.38571393
0.59482276, 0.8762932, 0.7127117, 0.84566754
0.36811388, 0.4910881, 5.807489e-2, 0.3056159
0.14140505, 0.10631859, 0.40299731, 0.7651132
0.9146962, 0.72111344, 0.7483657, 0.2250616
0.6879925, 0.33634907, 9.328294e-2, 0.68500996
0.46128362, 0.9515847, 0.43820536, 0.14495319
0.2345748, 0.5663796, 0.78357375, 0.6049016
7.865965e-3, 0.1816101, 0.12849098, 6.484997e-2
0.78116226, 0.79684573, 0.4734134, 0.5247932
0.5544534, 0.41164058, 0.8187818, 0.9847416
0.32774454, 2.6876211e-2, 0.16369903, 0.44469
0.101035714, 0.6416711, 0.50862145, 0.9046384
0.874332, 0.25690162, 0.85398984, 0.36458683
0.6476231, 0.87213725, 0.19890708, 0.8245352
0.4209143, 0.4869321, 0.5438295, 0.28403246
0.19420546, 0.102167726, 0.8891979, 0.7439809
0.9675017, 0.7173983, 0.23411512, 0.20392925
0.7407929, 0.33219314, 0.57903755, 0.6638725
0.51408404, 0.94742876, 0.92440593, 0.1238209
0.28738034, 0.5622236, 0.26932317, 0.58376926
6.067145e-2, 0.17745924, 0.6142456, 4.3712497e-2
0.8339626, 0.7926898, 0.959614, 0.5036609
0.6072538, 0.40748465, 0.30453122, 0.9636093
0.3805501, 2.2720277e-2, 0.64945364, 0.4235577
0.1538412, 0.6379559, 0.994822, 0.8835061
0.92713237, 0.25275075, 0.33973926, 0.34345448
0.70042354, 0.8679813, 0.6846617, 0.80295175
0.47371984, 0.48277617, 3.0030072e-2, 0.26290017
0.24701095, 9.801179e-2, 0.3749473, 0.72284853
2.0302117e-2, 0.7132474, 0.71986973, 0.1827969
0.7935933, 0.32804233, 6.523812e-2, 0.6427402
0.5668896, 0.9432728, 0.41015536, 0.10268855
0.3401807, 0.55850846, 0.7550778, 0.5626369
0.113471866, 0.1733033, 0.100446165, 2.2580206e-2
0.88676304, 0.78853893, 0.4453634, 0.48253375
0.66005933, 0.40333384, 0.7902858, 0.9424821
0.43335044, 1.8564343e-2, 0.13565421, 0.4024254
0.20664161, 0.63379997, 0.48057145, 0.8619278
0.9799328, 0.24859482, 0.8254939, 0.32187617
0.7532291, 0.86383045, 0.17086226, 0.78181946
0.5265202, 0.47906613, 0.5157795, 0.24176782
0.29981136, 9.385586e-2, 0.8607019, 0.7017162
7.3102534e-2, 0.7090915, 0.20606512, 0.16165948
0.84639883, 0.32388115, 0.55098754, 0.62160784
0.61968994, 0.93912196, 0.89590997, 8.15562e-2
0.3929811, 0.55435765, 0.24127316, 0.5414995
0.16627228, 0.16914737, 0.5861956, 1.453042e-3
0.9395686, 0.784383, 0.931564, 0.4614014
0.7128597, 0.39961863, 0.2764812, 0.9213447
0.48615086, 1.4413476e-2, 0.62140363, 0.3808471
0.25944203, 0.62964916, 0.966772, 0.84079546
3.2738328e-2, 0.24487966, 0.31168926, 0.3007387
0.80602944, 0.8596745, 0.6566117, 0.7606871
0.5793206, 0.47491014, 1.9800663e-3, 0.22063547
0.35261178, 8.970499e-2, 0.3468973, 0.6805787
0.12590808, 0.7049407, 0.6918197, 0.14052713
0.8991992, 0.32017118, 3.7188113e-2, 0.6004755
0.67249036, 0.934966, 0.38210535, 6.0418725e-2
0.44578153, 0.55020165, 0.7270278, 0.52037233
0.21907783, 0.16543728, 7.239616e-2, 0.9803207
0.99236894, 0.78022707, 0.4173134, 0.44026393
0.7656601, 0.3954627, 0.7622358, 0.8997664
0.5389513, 1.0257542e-2, 0.107604206, 0.35971475
0.31224757, 0.62549317, 0.45252144, 0.819658
8.5538685e-2, 0.2407288, 0.79744387, 0.2796064
0.85882986, 0.8555186, 0.14281225, 0.73955476
0.632121, 0.4707542, 0.4877295, 0.199498
0.40541732, 8.598983e-2, 0.8326519, 0.6594464
0.17870843, 0.7007847, 0.1780203, 0.11939478
0.9519996, 0.3160203, 0.52293754, 0.5793432
0.7252908, 0.9308101, 0.86785996, 3.929162e-2
0.498587, 0.5460457, 0.21322834, 0.49923998
0.27187818, 0.16128135, 0.5581456, 0.95873725
4.5169353e-2, 0.7760762, 0.903068, 0.41868567
0.81846565, 0.39131188, 0.24843639, 0.87863404
0.59175676, 6.5423846e-3, 0.5933536, 0.33857727
0.36504793, 0.62133723, 0.93827605, 0.7985257
0.1383391, 0.23657286, 0.28364444, 0.25847405
0.9116354, 0.8513677, 0.6285617, 0.7184173
0.6849265, 0.4666034, 0.9734841, 0.1783657
0.45821768, 8.18339e-2, 0.31885248, 0.63831407
0.23150885, 0.69662875, 0.6637697, 9.826249e-2
4.8051476e-3, 0.31186438, 8.692145e-3, 0.5582109
0.77809626, 0.9271, 0.35406053, 1.815927e-2
0.5513874, 0.5418949, 0.69897777, 0.47765654
0.3246786, 0.15712541, 4.390019e-2, 0.93760496
9.79749e-2, 0.77192026, 0.3892634, 0.39755332
0.871266, 0.3871559, 0.7341858, 0.85749656
0.6445572, 2.3915172e-3, 7.910824e-2, 0.31744498
0.41784835, 0.6171864, 0.42447656, 0.77739334
0.19114465, 0.23241693, 0.769399, 0.23733658
0.96443576, 0.84765255, 0.11476737, 0.697285
0.7377269, 0.4624474, 0.4596846, 0.15723336
0.5110181, 7.768303e-2, 0.80460703, 0.6171818
0.2843144, 0.69247794, 0.14997542, 7.71302e-2
5.7605505e-2, 0.30770844, 0.49489266, 0.5366326
0.8308967, 0.92294407, 0.8398151, 0.99657583
0.60418785, 0.5377389, 0.18518347, 0.45652425
0.37748414, 0.15297455, 0.5301007, 0.9164726
0.15077525, 0.7682051, 0.8750231, 0.37641585
0.9240664, 0.38299996, 0.22039151, 0.83636427
0.6973576, 0.9982356, 0.56530875, 0.29631263
0.4706539, 0.61302525, 0.9102312, 0.75625587
0.243945, 0.22826606, 0.25559956, 0.21620429
1.7236173e-2, 0.8434966, 0.6005168, 0.67615783
0.79052734, 0.45829147, 0.9454392, 0.13610107
0.56382364, 7.35271e-2, 0.2908076, 0.5960495
0.33711475, 0.6887627, 0.63572484, 5.5551887e-2
0.11040592, 0.30355757, 0.9806472, 0.5154951
0.8836971, 0.91878814, 0.3260156, 0.97544354
0.6569934, 0.5335778, 0.6709328, 0.4353919
0.4302845, 0.14881861, 1.5855253e-2, 0.89533514
0.20357567, 0.76405424, 0.36122364, 0.35528356
0.97686684, 0.37884915, 0.7061409, 0.8152319
0.75016314, 0.99407965, 5.10633e-2, 0.27518028
0.52345425, 0.6093153, 0.39643168, 0.7351236
0.29674542, 0.22411013, 0.7413489, 0.19507712
7.003659e-2, 0.83934575, 8.6271346e-2, 0.6550255
0.8433329, 0.45458144, 0.43163973, 0.11496878
0.616624, 6.9371164e-2, 0.77655697, 0.5744712
0.38991517, 0.6846068, 0.12147939, 3.4419537e-2
0.16320634, 0.29940164, 0.46684778, 0.49436283
0.93650264, 0.91463727, 0.811765, 0.9543112
0.70979375, 0.52987295, 0.15668744, 0.41425955
0.48308492, 0.14466268, 0.5020558, 0.87420285
0.2563761, 0.7598983, 0.84697306, 0.3341512
0.40695643, 0.14191431, 0.8264148, 0.5820437
0.18025273, 0.75670916, 0.17133725, 4.199207e-2
0.95354384, 0.3719448, 0.51670563, 0.5014894
0.726835, 0.9867397, 0.86162287, 0.96143776
0.5001262, 0.6019702, 0.2065453, 0.42138612
0.27342248, 0.21720582, 0.5519137, 0.8813294
4.671359e-2, 0.8320007, 0.8968309, 0.34127778
0.82000476, 0.4472363, 0.24175334, 0.80122614
0.59329593, 6.2471986e-2, 0.5871217, 0.26116943
0.36659223, 0.6772617, 0.93203896, 0.7211178
0.13988334, 0.29249734, 0.2769614, 0.18107134
0.9131745, 0.9072922, 0.6223298, 0.64101464
0.6864657, 0.5225278, 0.967247, 0.100963
0.45976198, 0.1377635, 0.31217456, 0.5604654
0.23305309, 0.7525532, 0.65754294, 2.040869e-2
6.344259e-3, 0.36778885, 2.4601817e-3, 0.48035705
0.7796354, 0.9830245, 0.3473826, 0.9403054
0.5529317, 0.5978193, 0.692751, 0.4002487
0.32622284, 0.21304989, 3.766823e-2, 0.86019707
9.951401e-2, 0.82784474, 0.38259065, 0.32014543
0.8728052, 0.44308037, 0.72795904, 0.7800887
0.6461015, 5.8315992e-2, 7.2876275e-2, 0.24003708
0.4193926, 0.67311084, 0.4177987, 0.69999063
0.19268376, 0.2883414, 0.7631671, 0.15993387
0.9659749, 0.903577, 0.10808432, 0.6198823
0.73927116, 0.5183719, 0.45300674, 7.9384685e-2
0.51256233, 0.1336075, 0.79836994, 0.5393279
0.2858535, 0.7483972, 0.14329237, 0.99927634
5.91498e-2, 0.36363292, 0.4882148, 0.4592247
0.8324409, 0.97886854, 0.833578, 0.91916794
0.6057321, 0.5936634, 0.17850041, 0.37911636
0.37902325, 0.20889902, 0.5238688, 0.8390647
0.15231955, 0.8241347, 0.868786, 0.29900795
0.92561066, 0.43892443, 0.2137084, 0.7589564
0.69890183, 5.416006e-2, 0.5590768, 0.21890992
0.472193, 0.6689497, 0.903994, 0.67885315
0.2454893, 0.28419054, 0.24891645, 0.13835561
1.878041e-2, 0.8994262, 0.59428483, 0.598304
0.7920716, 0.51421595, 0.9392021, 5.824721e-2
0.56536275, 0.12945157, 0.2841245, 0.5181956
0.33865905, 0.7446872, 0.6294929, 0.978144
0.11195016, 0.35948205, 0.9744101, 0.43808722
0.8852413, 0.97471774, 0.31933254, 0.89803565
0.6585325, 0.58994824, 0.6647009, 0.357984
0.4318288, 0.20474309, 9.618163e-3, 0.81792724
0.20511991, 0.8199787, 0.3545406, 0.27788085
0.9784111, 0.43477356, 0.699909, 0.7378292
0.75170225, 5.000925e-2, 4.482621e-2, 0.19777244
0.52499855, 0.66523975, 0.38974863, 0.6572749
0.29828966, 0.2800346, 0.735117, 0.11722326
7.158083e-2, 0.8952702, 8.0034256e-2, 0.5771665
0.844872, 0.51050586, 0.42495668, 3.711492e-2
0.6181683, 0.12530077, 0.77032506, 0.49706328
0.3914594, 0.74053127, 0.1152423, 0.9570065
0.16475058, 0.35532612, 0.46016473, 0.41695493
0.93804175, 0.97056174, 0.8055331, 0.8769033
0.71133804, 0.58579737, 0.15045035, 0.33684653
0.48462915, 0.20058715, 0.49537277, 0.79680014
0.25792032, 0.8158228, 0.84074116, 0.2567485
3.1211495e-2, 0.4310584, 0.1856584, 0.71669173
0.8045078, 4.5853257e-2, 0.5305808, 0.17619419
0.5777989, 0.6610889, 0.8759492, 0.63614255
0.35109007, 0.27587867, 0.22086644, 9.608579e-2
0.124381244, 0.8911143, 0.56578887, 0.5560342
0.89767754, 0.5063499, 0.91115725, 1.5982568e-2
0.67096865, 0.12114477, 0.2560745, 0.4759258
0.44425982, 0.7363804, 0.6009969, 0.9358742
0.217551, 0.35161096, 0.9463653, 0.39582258
0.9908473, 0.9664058, 0.29128253, 0.855771
0.7641384, 0.58164144, 0.63620496, 0.31571943
0.5374296, 0.19643629, 0.98156816, 0.7756678
0.31072074, 0.8116719, 0.32649058, 0.23516506
8.401704e-2, 0.42690247, 0.67185897, 0.6951135
0.85730815, 4.1697323e-2, 1.6776204e-2, 0.15506184
0.6305993, 0.65693295, 0.36169863, 0.6150051
0.4038905, 0.27216858, 0.707067, 7.49535e-2
0.17718679, 0.8869635, 5.198425e-2, 0.53490186
0.9504779, 0.502194, 0.39690667, 0.9948451
0.72376907, 0.11698884, 0.74227506, 0.4547935
0.49706024, 0.73222446, 8.71923e-2, 0.9147419
0.27035648, 0.3474601, 0.43211472, 0.3746903
4.3647647e-2, 0.962255, 0.7774831, 0.8346387
0.8169388, 0.5774855, 0.12240034, 0.29458708
0.59023, 0.19272113, 0.46732277, 0.7540895
0.36352623, 0.807516, 0.81269115, 0.21403277
0.1368174, 0.4227516, 0.15760839, 0.67398113
0.91010857, 3.7546515e-2, 0.5025308, 0.13392949
0.68340486, 0.652777, 0.8478992, 0.5938728
0.45669597, 0.26801264, 0.19281644, 5.3821146e-2
0.22998714, 0.8828075, 0.53773886, 0.5137695
3.278315e-3, 0.49804312, 0.88310724, 0.9737128
0.7765746, 0.113278806, 0.22802448, 0.43366116
0.5498657, 0.72806853, 0.5729469, 0.8936147
0.3231569, 0.34330416, 0.9183153, 0.353558
9.6448064e-2, 0.9580938, 0.26323253, 0.81350636
0.86974436, 0.57333463, 0.60815495, 0.27300876
0.6430355, 0.18857032, 0.95352334, 0.73295206
0.41632664, 0.80336004, 0.29844058, 0.19290042
0.18961781, 0.41859567, 0.643363, 0.6528488
0.9629141, 3.38313e-2, 0.9887314, 0.112792075
0.7362052, 0.64862615, 0.33364862, 0.57274044
0.5094964, 0.2638567, 0.67857105, 3.2688797e-2
0.28278756, 0.87909234, 2.393943e-2, 0.4926321
5.6083858e-2, 0.4938872, 0.36885667, 0.95258564
0.82937497, 0.10912281, 0.7137791, 0.412534
0.60266614, 0.72391766, 5.9147477e-2, 0.87247723
0.3759573, 0.33914822, 0.40406471, 0.3319797
0.1492536, 0.95438385, 0.74898714, 0.79192805
0.9225447, 0.5691787, 9.435552e-2, 0.2518713
0.6958359, 0.18441433, 0.43927276, 0.7118197
0.46912706, 0.79964995, 0.7841952, 0.17176807
0.24242336, 0.41443974, 0.12956357, 0.6317113
1.5714467e-2, 2.9675364e-2, 0.4744808, 9.1659725e-2
0.78900564, 0.6444702, 0.81940323, 0.5516081
0.5622968, 0.25970584, 0.16476643, 1.1551321e-2
0.3355931, 0.8749415, 0.50968885, 0.47150493
0.108884215, 0.48973125, 0.85505724, 0.9314533
0.8821754, 0.10496688, 0.19997448, 0.39139652
0.65546656, 0.7202025, 0.5448969, 0.850899
0.42876285, 0.33499736, 0.8902653, 0.31084734
0.20205396, 0.95023304, 0.23518252, 0.7707906
0.97534513, 0.56502277, 0.5801101, 0.230739
0.7486363, 0.1802584, 0.92547846, 0.69068736
0.5219326, 0.795494, 0.2703957, 0.1506306
0.2952237, 0.41028887, 0.6153181, 0.610579
6.851488e-2, 2.5524557e-2, 0.9606865, 7.0527375e-2
0.84180605, 0.64075506, 0.30560374, 0.5304706
0.61510235, 0.2555499, 0.65052617, 0.9904242
0.38839346, 0.87078553, 0.99589455, 0.45037258
0.16168463, 0.48558038, 0.3408118, 0.90986985
0.9349758, 0.10081607, 0.6857342, 0.36981827
0.7082721, 0.7160466, 3.1102598e-2, 0.82976663
0.4815632, 0.33084142, 0.37601984, 0.28970987
0.25485438, 0.94607705, 0.72094226, 0.7496583
2.8145552e-2, 0.5613127, 6.6310644e-2, 0.20960665
0.80144185, 0.17610759, 0.41122788, 0.6695499
0.57473296, 0.7913381, 0.7561503, 0.1294983
0.34802413, 0.40613294, 0.10151869, 0.58944666
0.1213153, 2.1368563e-2, 0.44643593, 4.9395084e-2
0.89461154, 0.6366042, 0.79135835, 0.5093435
0.6679027, 0.25139397, 0.13672668, 0.96929187
0.44119388, 0.8666296, 0.48164392, 0.42878914
0.21449018, 0.48186523, 0.82656634, 0.88873756
0.9877813, 9.666008e-2, 0.17193472, 0.34868592
0.76107246, 0.7118957, 0.51685196, 0.80862916
0.5343636, 0.3266855, 0.8617744, 0.26857758
0.30765992, 0.9419211, 0.20714277, 0.72852594
8.0951035e-2, 0.55715674, 0.55206, 0.18846917
0.8542422, 0.17195159, 0.89698243, 0.6484176
0.6275334, 0.7871872, 0.24235082, 0.10836595
0.40082967, 0.40241778, 0.58726805, 0.5683144
0.17412078, 1.721263e-2, 0.9321905, 2.8262794e-2
0.94741195, 0.63244826, 0.27755886, 0.48821115
0.7207031, 0.2472431, 0.6224761, 0.9477084
0.49399942, 0.86247873, 0.9673985, 0.40765685
0.26729053, 0.4777093, 0.3127669, 0.8676052
4.0581703e-2, 9.250414e-2, 0.65768415, 0.32754844
0.8138729, 0.7077398, 2.6065707e-3, 0.78749686
0.5871692, 0.3229754, 0.34796977, 0.24744523
0.36046028, 0.9377703, 0.6928922, 0.70738846
0.13375145, 0.5530008, 3.826058e-2, 0.16733688
0.9070426, 0.16779047, 0.38317782, 0.6272904
0.6803389, 0.7830313, 0.72810024, 8.723366e-2
0.45363003, 0.3982669, 7.3468626e-2, 0.5471821
0.2269212, 1.3061821e-2, 0.41838586, 6.684482e-3
2.1237135e-4, 0.6282923, 0.7633083, 0.46662772
0.77350867, 0.24352795, 0.10867667, 0.92657614
0.5467998, 0.8583228, 0.4535939, 0.3865245
0.32009095, 0.47355843, 0.79851633, 0.84647286
9.338212e-2, 8.879411e-2, 0.14388472, 0.30641615
0.8666784, 0.70358384, 0.48880196, 0.7663645
0.6399695, 0.31881946, 0.8337244, 0.22631288
0.4132607, 0.9336143, 0.17909276, 0.6862562
0.18655187, 0.54884994, 0.52401, 0.14620972
0.95984817, 0.16408563, 0.8689324, 0.6061581
0.7331393, 0.77887535, 0.21430081, 6.610137e-2
0.50643045, 0.39411098, 0.55921805, 0.5256038
0.27972162, 9.346604e-3, 0.9041405, 0.98555213
5.3017914e-2, 0.62414145, 0.24950886, 0.44549543
0.826309, 0.23937714, 0.5944261, 0.9054438
0.5996002, 0.85416687, 0.9393485, 0.36539215
0.37289137, 0.4694025, 0.2847169, 0.82533544
0.14618766, 8.463812e-2, 0.62963414, 0.2852838
0.9194788, 0.69943297, 0.97455657, 0.74523216
0.69276994, 0.31466353, 0.31992495, 0.20517546
0.46606112, 0.92989916, 0.6648422, 0.665129
0.23935741, 0.544694, 9.764612e-3, 0.12507737
1.2648523e-2, 0.15992963, 0.355133, 0.58502066
0.7859397, 0.7747245, 0.70005023, 4.452306e-2
0.55923086, 0.38995504, 4.497266e-2, 0.5044714
0.33252716, 5.1906705e-3, 0.39034104, 0.96441466
0.10581827, 0.6199855, 0.7352583, 0.42436308
0.87910944, 0.23522115, 8.0180705e-2, 0.88431144
0.6524006, 0.8504568, 0.4255491, 0.34425467
0.42569685, 0.46524656, 0.7704663, 0.8042031
0.19898802, 8.0482185e-2, 0.11538875, 0.26415145
0.9722792, 0.69527704, 0.46075714, 0.7240999
0.74557036, 0.31051266, 0.8056744, 0.1840483
0.5188666, 0.92574835, 0.1505968, 0.64399666
0.29215777, 0.5405381, 0.49596, 0.10349393
6.544894e-2, 0.1557737, 0.8408824, 0.56344235
0.83874524, 0.7710093, 0.18580484, 2.339071e-2
0.61203635, 0.38580418, 0.53116804, 0.48333395
0.38532752, 1.0398626e-3, 0.87609047, 0.94328237
0.15861869, 0.6158296, 0.22145885, 0.40323073
0.931915, 0.23106521, 0.5663761, 0.86317396
0.7052061, 0.84630084, 0.9112985, 0.32312238
0.47849727, 0.4610957, 0.2566669, 0.78307074
0.25178844, 7.633138e-2, 0.60158414, 0.24301916
2.5084734e-2, 0.6915619, 0.94650656, 0.7029676
0.79837584, 0.30635673, 0.29187495, 0.16291595
0.571667, 0.92159235, 0.6367922, 0.6224132
0.3449582, 0.5363872, 0.9817146, 8.236164e-2
0.11825448, 0.15162289, 0.327083, 0.54231
0.8915456, 0.7668534, 0.6720002, 2.2532344e-3
0.66483676, 0.38164824, 1.6922653e-2, 0.46220165
0.43812793, 0.99688387, 0.36229104, 0.92215
0.21142423, 0.6121195, 0.7072083, 0.38209325
0.98471534, 0.2269144, 5.21307e-2, 0.8420417
0.7580065, 0.8421449, 0.39749908, 0.30199522
0.5312977, 0.45693457, 0.7424163, 0.76193845
0.30459398, 7.217538e-2, 8.7338746e-2, 0.22188687
7.788509e-2, 0.687411, 0.43270713, 0.6813893
0.85117626, 0.3022008, 0.77762437, 0.1413325
0.62446743, 0.9174364, 0.12254679, 0.6012809
0.39776373, 0.53267205, 0.46791518, 6.122929e-2
0.17105484, 0.1474669, 0.8128324, 0.5211725
0.944346, 0.7627025, 0.15775484, 0.98112094
0.7176372, 0.37748712, 0.5031232, 0.4410693
0.49093348, 0.99272794, 0.8480456, 0.90101254
0.2642246, 0.60796356, 0.19296801, 0.36096096
3.751576e-2, 0.22275841, 0.5383364, 0.8209145
0.81080693, 0.83799404, 0.88325363, 0.28085774
0.5841032, 0.4532246, 0.22817606, 0.74080616
0.35739434, 6.801945e-2, 0.57354444, 0.20030856
0.13068551, 0.6832551, 0.9184617, 0.6602518
0.9039767, 0.2984907, 0.2633841, 0.12020022
0.677273, 0.9132856, 0.6087525, 0.5801486
0.4505641, 0.5285161, 0.9536697, 4.0091813e-2
0.22385526, 0.14331096, 0.29859215, 0.50004023
0.9971464, 0.7585466, 0.64396054, 0.9599886
0.7704427, 0.37378222, 0.9888778, 0.41993183
0.54373384, 0.9885771, 0.3338002, 0.87988025
0.317025, 0.6038076, 0.6791634, 0.3398338
9.031618e-2, 0.21904325, 2.408582e-2, 0.79977703
0.8636125, 0.8338381, 0.36900824, 0.25972545
0.6369036, 0.44907373, 0.71437144, 0.71922785
0.41019475, 6.386864e-2, 5.9293807e-2, 0.17917109
0.18348593, 0.67909914, 0.4046622, 0.6391195
0.95678216, 0.29433477, 0.7495794, 9.906787e-2
0.73007333, 0.9091296, 9.450185e-2, 0.5590111
0.5033645, 0.52436525, 0.43987024, 1.8959522e-2
0.27665567, 0.13960093, 0.7847875, 0.47890788
4.995191e-2, 0.75439066, 0.1297099, 0.93885624
0.8232431, 0.36962628, 0.47507828, 0.39880472
0.59653425, 0.98442113, 0.8199955, 0.8587531
0.36983055, 0.59965676, 0.16491795, 0.31870145
0.14312166, 0.21489245, 0.51028633, 0.7781988
0.91641283, 0.8296822, 0.85520357, 0.23814714
0.689704, 0.4449178, 0.20012599, 0.6980955
0.4630003, 6.0153425e-2, 0.5454944, 0.1580388
0.23629141, 0.6749483, 0.8904116, 0.61798716
9.582579e-3, 0.29018396, 0.23533404, 7.793552e-2
0.78287375, 0.9049737, 0.5807024, 0.5378788
0.55617005, 0.5202093, 0.92561966, 0.9978272
0.32946116, 0.13544494, 0.2705421, 0.45777553
0.10275233, 0.7502398, 0.6159105, 0.917724
0.8760435, 0.36547035, 0.9608277, 0.37767237
0.6493398, 0.980706, 0.30575013, 0.83762074
0.4226309, 0.5955008, 0.6511185, 0.29711807
0.19592208, 0.21073645, 0.99603575, 0.7570664
0.96921325, 0.8255313, 0.34095818, 0.21701479
0.74250954, 0.44076186, 0.68632656, 0.6769581
0.51580065, 5.599749e-2, 3.1243801e-2, 0.13690645
0.28909183, 0.67079234, 0.37616622, 0.5968548
6.2382996e-2, 0.28602797, 0.7215346, 5.679804e-2
0.8356793, 0.9012636, 6.645185e-2, 0.51674646
0.6089704, 0.5160534, 0.41137427, 0.9766948
0.38226157, 0.131289, 0.75674266, 0.43664324
0.15555274, 0.74608386, 0.101659894, 0.89659166
0.92884904, 0.36131948, 0.44658232, 0.35609406
0.70214015, 0.97655517, 0.7919507, 0.8160373
0.47543132, 0.5913449, 0.13686794, 0.27598572
0.2487225, 0.20658052, 0.48179036, 0.7359341
2.201879e-2, 0.82181615, 0.82715875, 0.19587731
0.7953099, 0.436611, 0.17207599, 0.65582573
0.5686011, 5.1846683e-2, 0.5169984, 0.115774095
0.34189224, 0.6666312, 0.8623616, 0.57571733
0.11518854, 0.28187203, 0.20728403, 3.566575e-2
0.88847965, 0.89710766, 0.55220646, 0.4956193
0.6617708, 0.5119025, 0.89756966, 0.95556253
0.435062, 0.1271382, 0.24249208, 0.41551095
0.20835829, 0.7423687, 0.58786047, 0.87501335
0.9816494, 0.35716355, 0.9327777, 0.3349566
0.75494057, 0.9723992, 0.27770013, 0.794905
0.52823174, 0.5876348, 0.6230685, 0.25485337
0.30152804, 0.20242971, 0.96798575, 0.7147966
7.481915e-2, 0.8176602, 0.31290817, 0.17474502
0.8481103, 0.43245506, 0.65827656, 0.6346934
0.6214015, 4.769069e-2, 3.1937957e-3, 9.463662e-2
0.3946978, 0.6629263, 0.34811622, 0.55458504
0.1679889, 0.27772123, 0.6934846, 1.4538586e-2
0.94128007, 0.8929517, 3.8401842e-2, 0.47448182
0.71457124, 0.50818735, 0.38332427, 0.93443024
0.48786753, 0.122982204, 0.72869265, 0.39393264
0.26115865, 0.73821783, 7.360989e-2, 0.8538759
3.4449816e-2, 0.3530076, 0.4185323, 0.3138243
0.807741, 0.96824324, 0.7639007, 0.77377266
0.5810372, 0.58347887, 0.108817935, 0.23371589
0.3543284, 0.19827372, 0.45374036, 0.6936643
0.12761956, 0.81350935, 0.79910874, 0.15361267
0.90091586, 0.4287399, 0.14402598, 0.6135559
0.674207, 4.3534756e-2, 0.4889484, 7.3509514e-2
0.44749814, 0.6587704, 0.8343168, 0.5334579
0.22078931, 0.27356523, 0.17923403, 0.9934011
0.9940856, 0.88880086, 0.52415645, 0.45290357
0.7673767, 0.5040314, 0.86952484, 0.9128519
0.5406679, 0.11882627, 0.21444207, 0.37279516
0.31395906, 0.7340619, 0.5593645, 0.8327436
8.725536e-2, 0.34929752, 0.9047329, 0.29269195
0.86054647, 0.96409243, 0.24965012, 0.7526352
0.63383764, 0.57932293, 0.59457254, 0.2125836
0.4071288, 0.19411778, 0.9399409, 0.67253196
0.18042511, 0.8093534, 0.28485817, 0.1324752
0.9537162, 0.42458904, 0.6297806, 0.5924288
0.7270074, 3.9383948e-2, 0.975149, 5.2377164e-2
0.50029856, 0.65461445, 0.3200662, 0.5123204
0.27359486, 0.26985008, 0.66498864, 0.97182286
4.6885967e-2, 0.8846449, 1.0357022e-2, 0.43177122
0.82017714, 0.49988055, 0.35527426, 0.89171445
0.5934683, 0.11467546, 0.7001967, 0.35166287
0.3667646, 0.72990596, 4.5559883e-2, 0.81161124
0.14005572, 0.3451416, 0.3904823, 0.27155447
0.9133469, 0.95993644, 0.73540473, 0.7315029
0.68663806, 0.57517207, 8.076793e-2, 0.19145125
0.45993435, 0.19040775, 0.42569035, 0.6513996
0.23322546, 0.8051975, 0.77105874, 0.11134809
6.5166354e-3, 0.4204331, 0.1159811, 0.57129645
0.7798078, 3.5227954e-2, 0.46090353, 3.1244814e-2
0.5531041, 0.6504636, 0.8062719, 0.49074215
0.3263952, 0.26569927, 0.15118915, 0.9506905
9.9686384e-2, 0.880489, 0.49611157, 0.41063887
0.87297755, 0.49572462, 0.84147996, 0.87058216
0.64627385, 0.110960245, 0.1863972, 0.33053052
0.41956496, 0.7257551, 0.5313196, 0.7904789
0.19285613, 0.34099078, 0.876688, 0.25042218
0.9661473, 0.9557753, 0.22160524, 0.71037054
0.7394436, 0.57101613, 0.56652766, 0.17032409
0.5127347, 0.18625176, 0.91189605, 0.6302674
0.28602588, 0.8010466, 0.2568133, 9.021574e-2
5.9317052e-2, 0.41627717, 0.6017357, 0.54971814
0.83261335, 3.1512797e-2, 0.9471041, 9.661436e-3
0.60590446, 0.64630765, 0.29202133, 0.4696098
0.37919563, 0.26154327, 0.63694376, 0.92955816
0.1524868, 0.87633294, 0.98231214, 0.38950145
0.9257831, 0.49156868, 0.32722932, 0.8494498
0.6990742, 0.10680431, 0.67215174, 0.30939817
0.47236538, 0.72159916, 1.752013e-2, 0.7693414
0.24565655, 0.3368348, 0.36243737, 0.22928983
1.8952847e-2, 0.9520704, 0.7073598, 0.6892434
0.79224396, 0.5668602, 5.2728176e-2, 0.14918661
0.5655351, 0.18209583, 0.3976454, 0.60913503
0.3388263, 0.79733145, 0.74256784, 6.863743e-2
0.112122536, 0.4121263, 8.793622e-2, 0.52858067
0.8854137, 2.7361989e-2, 0.43285346, 0.9885291
0.6587049, 0.6421517, 0.7777759, 0.44847745
0.43199605, 0.25738734, 0.12314427, 0.9084207
0.20529228, 0.87262297, 0.4680615, 0.3683691
0.97858346, 0.48741782, 0.81298393, 0.82831746
0.7518746, 0.1026535, 0.15835232, 0.2882607
0.5251709, 0.717884, 0.50326955, 0.7482091
0.29846203, 0.33267885, 0.848192, 0.20816267
7.1753204e-2, 0.9479145, 0.19356036, 0.6681059
0.8450444, 0.56270933, 0.5384776, 0.12760836
0.6183407, 0.17794502, 0.8834, 0.5875567
0.39163178, 0.7931755, 0.22876322, 4.7499955e-2
0.16492295, 0.40797037, 0.57368565, 0.5074484
0.9382141, 2.3205996e-2, 0.91860807, 0.96739674
0.7115104, 0.6384416, 0.26397127, 0.42733997
0.48480153, 0.25323653, 0.6088937, 0.8872884
0.2580927, 0.86846703, 0.9542621, 0.34723675
3.1383872e-2, 0.48326188, 0.29917932, 0.80718
0.80468017, 9.849751e-2, 0.64410174, 0.2671336
0.5779713, 0.71373314, 0.9894701, 0.72708195
0.35126245, 0.32852805, 0.33438736, 0.18702519
0.12455362, 0.94375855, 0.6793098, 0.64652765
0.8978499, 0.5589942, 2.467817e-2, 0.10647601
0.671141, 0.17378902, 0.3695954, 0.56641924
0.4444322, 0.78902465, 0.71451783, 2.6367664e-2
0.21772337, 0.40381444, 5.9886217e-2, 0.48631603
0.99101967, 1.9050062e-2, 0.40480345, 0.94625926
0.7643108, 0.6342857, 0.7497259, 0.40620768
0.53760195, 0.24908054, 9.509426e-2, 0.86615604
0.31089312, 0.86431617, 0.4400115, 0.32609928
8.4189415e-2, 0.47954673, 0.7849339, 0.7860529
0.8574805, 9.4341576e-2, 0.13030231, 0.24600124
0.6307717, 0.7095772, 0.47521955, 0.7059445
0.40406287, 0.32437205, 0.820142, 0.16544694
0.17735916, 0.9396077, 0.16551036, 0.6253953
0.9506503, 0.55483824, 0.5104276, 8.533853e-2
0.72394145, 0.16963309, 0.85535, 0.54528695
0.49723262, 0.7848687, 0.2007184, 5.2353144e-3
0.2705289, 0.40010434, 0.54563564, 0.46517855
4.3820024e-2, 1.4899254e-2, 0.89055806, 0.92512697
0.8171112, 0.63012975, 0.23592645, 0.38507533
0.59040236, 0.2449246, 0.5808437, 0.84502375
0.36369866, 0.86016023, 0.9257661, 0.30497217
0.13698977, 0.47539586, 0.2711345, 0.76492053
0.91028094, 9.019077e-2, 0.61605173, 0.2244178
0.6835721, 0.70542127, 0.96097416, 0.6843662
0.4568684, 0.3206569, 0.30634254, 0.14431459
0.23015952, 0.93545175, 0.6512598, 0.6042578
3.4506917e-3, 0.5506874, 0.9961822, 6.420624e-2
0.77674186, 0.1654771, 0.3415506, 0.5241546
0.55003816, 0.7807128, 0.6864678, 0.98409784
0.32332927, 0.3959484, 3.139025e-2, 0.44404626
9.662044e-2, 1.074326e-2, 0.37675864, 0.9039946
0.8699116, 0.6259789, 0.7216759, 0.36394304
0.6432079, 0.24121457, 6.6598296e-2, 0.82389146
0.41649902, 0.8560043, 0.4119615, 0.28383982
0.18979019, 0.47123992, 0.7568839, 0.7433422
0.96308136, 8.647555e-2, 0.102252305, 0.20328552
0.7363776, 0.7012704, 0.44716954, 0.6632339
0.50966877, 0.3165061, 0.79209197, 0.12318224
0.28295994, 0.9312958, 0.13746035, 0.58312553
5.6256235e-2, 0.54653144, 0.4823776, 4.3073893e-2
0.82954735, 0.16176707, 0.8273, 0.50302225
0.6028385, 0.7765619, 0.1726684, 0.96296555
0.3761297, 0.3917976, 0.51758564, 0.4229139
0.14942598, 7.028103e-3, 0.86250806, 0.88286746
0.9227171, 0.62182295, 0.20787644, 0.34281075
0.69600827, 0.23705858, 0.5527937, 0.8027591
0.46929944, 0.85185343, 0.8977161, 0.2622615
0.24259573, 0.467084, 0.24308449, 0.7222048
1.5886843e-2, 8.231962e-2, 0.5880017, 0.18215317
0.789178, 0.69711447, 0.93292415, 0.6421015
0.5624692, 0.3123501, 0.27829254, 0.10204482
0.33576548, 0.9275857, 0.6232098, 0.5619932
0.10905659, 0.5423755, 0.9681322, 2.1941543e-2
0.88234776, 0.15761113, 0.31350058, 0.48188484
0.65563893, 0.772406, 0.6584178, 0.9418384
0.42893523, 0.3876416, 3.3402443e-3, 0.40178674
0.20222634, 2.8772354e-3, 0.34870863, 0.86173
0.9755175, 0.617667, 0.69362587, 0.32123244
0.7488087, 0.23290265, 3.854829e-2, 0.7811808
0.522105, 0.8481383, 0.3839218, 0.24112403
0.2953961, 0.46293312, 0.72883904, 0.70107245
6.868726e-2, 7.816881e-2, 7.376146e-2, 0.16102082
0.84197843, 0.69295853, 0.41912985, 0.62096405
0.6152747, 0.30819416, 0.7640471, 8.091247e-2
0.38856584, 0.9234298, 0.10896951, 0.54086083
0.16185701, 0.53822464, 0.4543379, 8.0406666e-4
0.9351482, 0.15346032, 0.79925513, 0.46075767
0.7084445, 0.7686908, 0.14417756, 0.92070603
0.4817356, 0.38348567, 0.48954594, 0.38064927
0.25502676, 0.9987213, 0.8344632, 0.8401517
2.8317928e-2, 0.61351615, 0.1793856, 0.3001001
0.8016142, 0.22875184, 0.524754, 0.7600433
0.57490534, 0.84398234, 0.8696712, 0.21999174
0.3481965, 0.4587772, 0.21459365, 0.6799401
0.12148768, 7.4012816e-2, 0.55996203, 0.13988334
0.894784, 0.68924844, 0.9048793, 0.59983176
0.6680751, 0.30404335, 0.2498017, 5.978012e-2
0.44136626, 0.91927385, 0.59516484, 0.51972854
0.21465743, 0.5340687, 0.94008726, 0.97967696
0.9879537, 0.14930433, 0.28545564, 0.43962532
0.76124483, 0.76453996, 0.6303729, 0.8991226
0.534536, 0.37933487, 0.9752953, 0.35907102
0.30782717, 0.99456537, 0.3206637, 0.8190194
8.112347e-2, 0.609801, 0.6655809, 0.2789626
0.8544146, 0.22459584, 1.0503352e-2, 0.73891103
0.62770575, 0.8398315, 0.35587174, 0.1988594
0.40099692, 0.45462126, 0.700789, 0.6588026
0.17429322, 6.985688e-2, 4.5711398e-2, 0.11875105
0.94758433, 0.6850925, 0.39107978, 0.5786994
0.7208755, 0.29988736, 0.735997, 3.864783e-2
0.49416667, 0.915123, 8.0919445e-2, 0.49859625
0.2674629, 0.53035355, 0.42628783, 0.9585446
4.075408e-2, 0.1451484, 0.77120507, 0.41804188
0.81404525, 0.760384, 0.11612749, 0.8779903
0.58734155, 0.3751737, 0.46149588, 0.33793867
0.36063266, 0.9904145, 0.8064131, 0.7978819
0.13392383, 0.60564506, 0.15133554, 0.25783032
0.907215, 0.22043991, 0.49670392, 0.7177787
0.6805113, 0.83567554, 0.84162116, 0.17772192
0.4538024, 0.45091116, 0.18654358, 0.63767034
0.22709358, 6.5706074e-2, 0.53191197, 9.76187e-2
3.8474798e-4, 0.6809366, 0.8768292, 0.5575671
0.77368104, 0.2961722, 0.22175163, 1.751554e-2
0.54697216, 0.91096705, 0.56712, 0.4774639
0.32026333, 0.5262027, 0.91203725, 0.9369612
9.35545e-2, 0.14099759, 0.25695968, 0.3969096
0.8668508, 0.7562281, 0.60232806, 0.85685796
0.6401419, 0.37146372, 0.9472453, 0.3168012
0.41343307, 0.98625857, 0.29216772, 0.7767496
0.18672425, 0.6014942, 0.6375361, 0.23669797
0.96002054, 0.21672988, 0.98245335, 0.6966412
0.73331165, 0.8315196, 0.32737577, 0.15658963
0.5066028, 0.44675523, 0.67274415, 0.6165432
0.279894, 6.155008e-2, 1.7661393e-2, 7.648641e-2
5.319029e-2, 0.6767857, 0.36258382, 0.5364348
0.8264814, 0.2920214, 0.7079522, 0.9959372
0.5997726, 0.9068111, 5.286944e-2, 0.4558856
0.37306374, 0.52204674, 0.39779186, 0.9158289
0.14636004, 0.13728237, 0.74316025, 0.37577724
0.91965115, 0.7520772, 8.8077486e-2, 0.8357256
0.6929423, 0.3673129, 0.4329999, 0.2956689
0.4662335, 0.98210263, 0.7783631, 0.75561726
0.23952979, 0.59733826, 0.12328553, 0.21556562
1.28208995e-2, 0.21257389, 0.46865392, 0.6755089
0.78611207, 0.82736874, 0.81357116, 0.13546246
0.55940324, 0.44260442, 0.15849358, 0.5954108
0.33269954, 5.7834923e-2, 0.50386196, 5.535412e-2
0.10599065, 0.6726298, 0.8487792, 0.5148565
0.8792818, 0.2878654, 0.19370162, 0.9748049
0.652573, 0.90266025, 0.53907, 0.43474817
0.4258693, 0.5178908, 0.88398725, 0.89469653
0.1991604, 0.13312644, 0.22890967, 0.3546449
0.97245157, 0.7479213, 0.57427806, 0.8145882
0.74574274, 0.3631569, 0.9191953, 0.27453655
0.51903903, 0.97839254, 0.26411772, 0.7344849
0.29233015, 0.5931823, 0.6094861, 0.1944282
6.562132e-2, 0.20841795, 0.95440334, 0.65438175
0.8389125, 0.8232128, 0.29932576, 0.11433011
0.6122088, 0.43844843, 0.64469415, 0.5738274
0.3854999, 5.3684056e-2, 0.9896114, 3.3775806e-2
0.15879107, 0.66847384, 0.3345338, 0.49372417
0.93208224, 0.28370947, 0.6799022, 0.9536674
0.70537853, 0.8989451, 2.4819434e-2, 0.41361582
0.47866964, 0.51373994, 0.36974186, 0.8735642
0.2519608, 0.12897563, 0.71511024, 0.33350742
2.5251985e-2, 0.74376535, 6.002748e-2, 0.79345584
0.7985482, 0.35900098, 0.4049499, 0.2534042
0.5718394, 0.9742366, 0.7503183, 0.7133526
0.34513056, 0.58903146, 9.523553e-2, 0.17330104
0.11842173, 0.20426714, 0.44015795, 0.6332494
0.891718, 0.81949764, 0.78552634, 9.2746675e-2
0.66500914, 0.4342925, 0.13044357, 0.5526951
0.4383003, 4.9528122e-2, 0.475366, 1.2643456e-2
0.21159661, 0.6643178, 0.8207344, 0.4725867
0.9848877, 0.27955866, 0.16565162, 0.9325351
0.7581789, 0.89478916, 0.51057404, 0.39248347
0.53147006, 0.509584, 0.8559424, 0.8524267
0.30476636, 0.12481964, 0.20085967, 0.31237513
7.805747e-2, 0.74005526, 0.5457821, 0.7723235
0.85134864, 0.35485017, 0.8911505, 0.23227191
0.6246398, 0.9700807, 0.23606771, 0.69222033
0.3979361, 0.58487034, 0.58099014, 0.15216869
0.17122722, 0.20011115, 0.92635334, 0.61166596
0.9445184, 0.8153468, 0.27127576, 7.1614385e-2
0.71780956, 0.4301417, 0.6161982, 0.53156275
0.49110585, 4.5372188e-2, 0.9615614, 0.991506
0.26439697, 0.6606078, 0.30648893, 0.4514544
3.7688136e-2, 0.27540267, 0.6518573, 0.91140276
0.8109793, 0.8906383, 0.99677455, 0.371346
0.5842756, 0.50586885, 0.34169698, 0.8312944
0.3575667, 0.1206637, 0.68706536, 0.29124796
0.13085788, 0.7358993, 3.19826e-2, 0.7511912
0.90414906, 0.35069418, 0.37690502, 0.21113962
0.67744535, 0.9659298, 0.7222734, 0.670642
0.45073646, 0.58116037, 6.719065e-2, 0.13058525
0.22402763, 0.19595522, 0.41211307, 0.5905337
0.9973188, 0.81119084, 0.75748146, 5.0482035e-2
0.7706151, 0.42642647, 0.10239869, 0.51042527
0.5439062, 4.122132e-2, 0.44732112, 0.9703737
0.31719738, 0.6564519, 0.7926895, 0.43032205
9.048855e-2, 0.27124673, 0.13760674, 0.8902653
0.86378485, 0.88648236, 0.48252916, 0.3502137
0.63707596, 0.501718, 0.82789755, 0.81016725
0.41036713, 0.116512895, 0.17281479, 0.2701105
0.1836583, 0.7317434, 0.5177372, 0.7300589
0.9569546, 0.34697902, 0.86310554, 0.1895613
0.7302457, 0.9617739, 0.20802277, 0.64950454
0.5035369, 0.5770095, 0.5529452, 0.10945296
0.27682805, 0.19180441, 0.8983136, 0.5694013
5.0124347e-2, 0.8070349, 0.24323082, 2.9344559e-2
0.82341546, 0.42227054, 0.58815324, 0.48929298
0.5967066, 3.7065387e-2, 0.9335216, 0.94924134
0.3699978, 0.652301, 0.27843887, 0.40918458
0.1432941, 0.2675367, 0.6233613, 0.869133
0.9165852, 0.8823264, 0.9687297, 0.32908654
0.6898764, 0.49756205, 0.3136469, 0.7890298
0.46316755, 0.1123569, 0.65856934, 0.2489782
0.23646384, 0.7275925, 3.9377213e-3, 0.7084806
9.754956e-3, 0.3428282, 0.34885496, 0.16842383
0.7830461, 0.95761794, 0.6937774, 0.62837225
0.5563373, 0.57285357, 3.9145768e-2, 8.832061e-2
0.3296336, 0.18808919, 0.384063, 0.548269
0.102924705, 0.80288404, 0.7289854, 8.212268e-3
0.8762159, 0.41811973, 7.4353814e-2, 0.46816063
0.64950705, 3.2909453e-2, 0.41927105, 0.928109
0.42280328, 0.6481451, 0.7641935, 0.38805747
0.19609445, 0.2633807, 0.109556675, 0.84800583
0.9693856, 0.87817556, 0.4544791, 0.3079542
0.7426819, 0.49341124, 0.7994015, 0.7674515
0.51597303, 0.10864174, 0.14476472, 0.22739989
0.2892642, 0.7234366, 0.48968714, 0.68734825
6.255537e-2, 0.33867222, 0.83505553, 0.14729154
0.83585167, 0.9534671, 0.17997277, 0.6072399
0.6091428, 0.56869763, 0.5248952, 6.718826e-2
0.38243395, 0.18393326, 0.8702636, 0.52713156
0.15572512, 0.7987281, 0.21518081, 0.9870799
0.9290214, 0.41396374, 0.56010324, 0.44702828
0.7023125, 2.9199362e-2, 0.9054716, 0.90697676
0.4756037, 0.64398915, 0.25038886, 0.36692512
0.24889487, 0.25922477, 0.5953113, 0.8268735
2.2191167e-2, 0.87401444, 0.94067967, 0.2863708
0.7954823, 0.48925525, 0.2855969, 0.7463192
0.56877345, 0.104490876, 0.63051933, 0.20626754
0.34206462, 0.71928066, 0.9758877, 0.6662108
0.115360916, 0.3345163, 0.32080495, 0.12615919
0.888652, 0.9497519, 0.6657274, 0.58610755
0.6619432, 0.56454676, 1.1095762e-2, 4.6050787e-2
0.43523437, 0.17978245, 0.356013, 0.5059992
0.20853066, 0.79501295, 0.7009354, 0.96594757
0.9818218, 0.4098078, 4.630381e-2, 0.425896
0.75511295, 2.5043428e-2, 0.39122105, 0.8858444
0.5284041, 0.6398383, 0.73614347, 0.3453468
0.3017004, 0.25507396, 8.1511855e-2, 0.80529004
7.4991524e-2, 0.87030447, 0.4264291, 0.26523846
0.8482827, 0.48509932, 0.7713515, 0.7251868
0.62157387, 0.10033494, 0.1167199, 0.18513006
0.39487016, 0.71557057, 0.46163714, 0.6450785
0.16816127, 0.33036548, 0.80655956, 0.10502684
0.94145244, 0.945596, 0.15192795, 0.5649701
0.7147436, 0.56039083, 0.4968452, 2.4918497e-2
0.4880399, 0.17562646, 0.8417676, 0.48487204
0.26133102, 0.7908621, 0.187136, 0.9448153
3.4622192e-2, 0.405657, 0.53205323, 0.4047637
0.80791336, 2.0887494e-2, 0.87697566, 0.8642661
0.58120966, 0.6361231, 0.22234404, 0.32420933
0.35450077, 0.25091797, 0.5672613, 0.78415775
0.12779194, 0.8661536, 0.9121837, 0.24410611
0.9010831, 0.4809485, 0.2575521, 0.70404935
0.6743794, 9.617901e-2, 0.6024693, 0.16399777
0.44767052, 0.71141464, 0.94739175, 0.62394613
0.22096169, 0.3262095, 0.29275495, 8.3889365e-2
0.99425286, 0.9414451, 0.6376774, 0.5438378
0.76754916, 0.5566757, 0.9825998, 3.7913322e-3
0.54084027, 0.17147052, 0.327963, 0.46373457
0.31413144, 0.78670615, 0.6728854, 0.923683
8.742261e-2, 0.401501, 1.8253803e-2, 0.3831854
0.8607189, 1.6736627e-2, 0.36317104, 0.8431286
0.63401, 0.6319672, 0.70809346, 0.30307704
0.4073012, 0.24676204, 5.346185e-2, 0.7630254
0.18059236, 0.86199766, 0.3983791, 0.22296864
0.9538886, 0.4772333, 0.7433015, 0.68291706
0.72717977, 9.202814e-2, 8.8669896e-2, 0.14286542
0.50047094, 0.7072587, 0.43358713, 0.60280865
0.2737621, 0.32205355, 0.77850956, 6.276226e-2
4.7058344e-2, 0.9372892, 0.12387794, 0.5227106
0.8203495, 0.5525248, 0.46879518, 0.98265386
0.5936407, 0.16731972, 0.8137176, 0.4421563
0.36693698, 0.7825502, 0.15908599, 0.9021047
0.1402281, 0.39778584, 0.5040032, 0.3620479
0.91351926, 1.2580693e-2, 0.84892565, 0.82199633
0.68681043, 0.6278163, 0.19429404, 0.2819447
0.46010673, 0.24261123, 0.5392113, 0.7418879
0.23339784, 0.85784173, 0.8841337, 0.20183635
6.689012e-3, 0.47307736, 0.22950208, 0.6617847
0.7799802, 8.787221e-2, 0.57442445, 0.12172794
0.5532765, 0.70310783, 0.91934687, 0.58168155
0.3265676, 0.31834352, 0.26471525, 4.162991e-2
9.985876e-2, 0.93313324, 0.6096325, 0.50157315
0.87314993, 0.5483689, 0.9545549, 0.9610756
0.6464462, 0.16315854, 0.2999233, 0.42102396
0.41973734, 0.77839935, 0.64484054, 0.8809672
0.19302851, 0.39363503, 0.98976296, 0.34091562
0.9663197, 8.424759e-3, 0.33513135, 0.800864
0.739616, 0.6236604, 0.6800486, 0.26080722
0.5129071, 0.23889601, 2.4971008e-2, 0.72075564
0.28619826, 0.85369086, 0.3703394, 0.180704
5.948943e-2, 0.46892655, 0.71525663, 0.64065236
0.8327857, 8.371109e-2, 6.0179055e-2, 0.10060084
0.60607684, 0.6989519, 0.40554744, 0.5605492
0.379368, 0.31418753, 0.7504647, 2.049756e-2
0.15265918, 0.9289824, 9.53871e-2, 0.4799949
0.9259555, 0.54421294, 0.4407555, 0.93994325
0.6992466, 0.15944856, 0.7856727, 0.39989161
0.47253776, 0.7742434, 0.13059509, 0.8598349
0.24582893, 0.38947904, 0.4759583, 0.31978327
1.9125223e-2, 4.714668e-3, 0.8208807, 0.77973163
0.79241633, 0.61950445, 0.16580313, 0.23967493
0.5657075, 0.23474008, 0.51116633, 0.6996233
0.33899868, 0.8495349, 0.85608876, 0.15957683
0.11229497, 0.46477056, 0.20145714, 0.6195201
0.8855861, 8.000618e-2, 0.5463744, 7.946849e-2
0.65887725, 0.69479597, 0.8912968, 0.5389709
0.43216842, 0.3100316, 0.23666519, 0.9989142
0.20546472, 0.9252672, 0.5815824, 0.45886254
0.97875583, 0.54006207, 0.92650485, 0.9188109
0.752047, 0.1552977, 0.27187324, 0.3787542
0.5253382, 0.7700875, 0.6167905, 0.83870256
0.29863447, 0.3853231, 0.9617129, 0.29865092
7.192558e-2, 5.5873394e-4, 0.30708128, 0.75859416
0.84521675, 0.6153536, 0.6519985, 0.21854258
0.6185079, 0.23058927, 0.99692094, 0.6784961
0.39180422, 0.8458198, 0.34228933, 0.13843936
0.16509533, 0.46061462, 0.68720657, 0.5983878
0.9383865, 7.585025e-2, 3.212899e-2, 5.7890177e-2
0.7116777, 0.6906451, 0.37749738, 0.5178334
0.48497397, 0.30588078, 0.7224146, 0.97778183
0.25826508, 0.9211113, 6.7337036e-2, 0.4377302
3.155625e-2, 0.53590614, 0.41270542, 0.8976734
0.8048474, 0.15114176, 0.75762266, 0.35762185
0.57814366, 0.7663774, 0.10254508, 0.8175702
0.35143483, 0.3811723, 0.44791347, 0.27751344
0.124726, 0.9964028, 0.7928307, 0.73746186
0.8980223, 0.61119765, 0.13775313, 0.19741541
0.6713134, 0.22643328, 0.4831215, 0.65735865
0.44460458, 0.8416689, 0.82803875, 0.116861105
0.21789575, 0.4564638, 0.17296118, 0.57680947
0.99119204, 7.1694314e-2, 0.51832956, 3.67527e-2
0.76448315, 0.68692994, 0.8632468, 0.49670112
0.5377743, 0.3017248, 0.20816922, 0.9566495
0.3110655, 0.9169604, 0.5535376, 0.41659272
8.436179e-2, 0.5317553, 0.89845484, 0.87654114
0.8576529, 0.14698583, 0.24337727, 0.3364895
0.6309441, 0.76222146, 0.58874565, 0.79643273
0.40423524, 0.3770163, 0.9336629, 0.25638634
0.17753154, 0.99225193, 0.2785853, 0.7163347
0.95082265, 0.6074825, 0.6239537, 0.17627794
0.7241138, 0.22227734, 0.96887094, 0.6357804
0.497405, 0.83751297, 0.31379336, 9.5728755e-2
0.2707013, 0.45230782, 0.65915656, 0.555672
4.39924e-2, 6.754345e-2, 4.0789843e-3, 1.562041e-2
0.8172836, 0.682774, 0.34944737, 0.47556877
0.59057474, 0.29756886, 0.6943646, 0.935512
0.36387104, 0.9128045, 3.928703e-2, 0.39546043
0.13716215, 0.5280401, 0.38465542, 0.8554088
0.9104533, 0.14283496, 0.72957265, 0.31535202
0.6837445, 0.7580655, 7.449508e-2, 0.7753056
0.4570408, 0.3728552, 0.41986346, 0.23525399
0.2303319, 0.988096, 0.7647807, 0.6951972
3.6230683e-3, 0.6033316, 0.10970312, 0.15469968
0.77691424, 0.21812654, 0.4550715, 0.61464804
0.55021054, 0.83335704, 0.79998875, 7.459128e-2
0.32350165, 0.44859266, 0.14491117, 0.5345397
9.679282e-2, 6.338751e-2, 0.49027956, 0.99448806
0.870084, 0.67862314, 0.8351968, 0.4544313
0.6433803, 0.29385883, 0.18011922, 0.9143797
0.4166714, 0.90864855, 0.5254876, 0.37432808
0.18996257, 0.5238842, 0.87040484, 0.8342765
0.96325374, 0.13867903, 0.21532726, 0.29422492
0.73655003, 0.75391465, 0.56069565, 0.7541733
0.50984114, 0.36915034, 0.9056129, 0.21367055
0.2831323, 0.98394006, 0.2505353, 0.673619
5.6423485e-2, 0.5991757, 0.5959037, 0.13356733
0.8297198, 0.21441132, 0.94082093, 0.59351057
0.6030109, 0.82920617, 0.28574336, 5.345899e-2
0.37630206, 0.44444185, 0.63111174, 0.51340735
0.14959323, 5.923158e-2, 0.976029, 0.9733506
0.92288953, 0.6744672, 0.3209514, 0.433299
0.69618064, 0.28970283, 0.6663198, 0.89324737
0.4694718, 0.9044977, 1.1237025e-2, 0.3532009
0.24276298, 0.51973337, 0.35615945, 0.8131442
1.605928e-2, 0.13496387, 0.70152783, 0.27309257
0.7893504, 0.7497587, 4.644507e-2, 0.73259497
0.56264156, 0.36499435, 0.3913675, 0.19253826
0.33593273, 0.9797892, 0.7367359, 0.6524866
0.10922897, 0.59501976, 8.165312e-2, 0.11243498
0.88252014, 0.21025538, 0.42657554, 0.5723783
0.6558113, 0.82505023, 0.7719439, 3.232664e-2
0.4291076, 0.44028586, 0.116861165, 0.492275
0.20239872, 5.552149e-2, 0.4617836, 0.9522183
0.9756899, 0.6703113, 0.807152, 0.41216666
0.74898106, 0.2855469, 0.15206921, 0.8721202
0.52227736, 0.90034175, 0.49699163, 0.3320635
0.29556847, 0.5155774, 0.84235996, 0.79201186
6.885964e-2, 0.130813, 0.18728238, 0.25151426
0.8421508, 0.7456028, 0.53265077, 0.71145755
0.6154471, 0.3608384, 0.877568, 0.17140591
0.38873821, 0.97607404, 0.22249043, 0.6313543
0.16202939, 0.5908689, 0.5678588, 9.129757e-2
0.93532056, 0.20610452, 0.91277605, 0.5512459
0.70861685, 0.8208943, 0.25769848, 1.1194289e-2
0.48190796, 0.43612993, 0.60306686, 0.47113752
0.25519913, 5.1365554e-2, 0.9479841, 0.9310911
2.8490305e-2, 0.6661604, 0.29290652, 0.3910395
0.8017866, 0.2813961, 0.6382749, 0.8509827
0.5750777, 0.8966266, 0.98319215, 0.31048518
0.34836888, 0.51142144, 0.32811457, 0.77043355
0.121660054, 0.12665707, 0.67348295, 0.23037678
0.89495635, 0.7414519, 1.8400192e-2, 0.6903252
0.66824746, 0.3566876, 0.36332262, 0.15027356
0.44153863, 0.9719181, 0.708691, 0.6102168
0.2148298, 0.58671296, 5.360824e-2, 7.016522e-2
0.9881261, 0.20194858, 0.3985306, 0.5301136
0.7614172, 0.8171842, 0.743899, 0.9900568
0.5347084, 0.43197912, 8.8816226e-2, 0.45001042
0.30799955, 4.720962e-2, 0.43373865, 0.9099588
8.129585e-2, 0.6620045, 0.77910703, 0.369902
0.85458696, 0.2772401, 0.12402427, 0.8294045
0.6278781, 0.8924757, 0.4689467, 0.28935283
0.4011693, 0.50727063, 0.8143151, 0.74929607
0.1744656, 0.122501135, 0.15923232, 0.20924449
0.9477567, 0.73773676, 0.50415474, 0.66919285
0.7210479, 0.3525316, 0.8495231, 0.12913609
0.49433905, 0.96776724, 0.19444036, 0.5890845
0.26763535, 0.58255696, 0.5393628, 4.9032867e-2
4.0926456e-2, 0.19779265, 0.8847312, 0.5089813
0.8142176, 0.8130283, 0.22964841, 0.9689297
0.5875088, 0.42782313, 0.57457083, 0.42887807
0.3608051, 4.3058753e-2, 0.9199392, 0.88837534
0.1340962, 0.6582893, 0.26485646, 0.34832376
0.9073874, 0.27308416, 0.6097789, 0.8082721
0.68067855, 0.8883198, 0.95514727, 0.26821536
0.45397484, 0.5035554, 0.3000645, 0.7281638
0.22726595, 0.11835027, 0.6449869, 0.18811214
5.571246e-4, 0.7335808, 0.9903553, 0.6480554
0.7738483, 0.34837568, 0.33527255, 0.108003795
0.5471446, 0.9636113, 0.680195, 0.56795216
0.3204357, 0.57884693, 2.5558174e-2, 2.7900577e-2
9.372687e-2, 0.19364178, 0.3704806, 0.487849
0.86701804, 0.80887234, 0.715849, 0.94779736
0.6403143, 0.42410797, 6.076622e-2, 0.40729463
0.41360545, 3.890282e-2, 0.40568864, 0.86724305
0.18689662, 0.65413845, 0.751057, 0.3271914
0.9601878, 0.26893336, 9.597427e-2, 0.78713465
0.733484, 0.88416386, 0.4408967, 0.24708307
0.5067752, 0.49939948, 0.7862651, 0.7070314
0.28006637, 0.11419433, 0.13118231, 0.16697466
5.3362668e-2, 0.72942996, 0.47610474, 0.6269231
0.8266538, 0.34466565, 0.8214731, 8.6871445e-2
0.59994495, 0.9594554, 0.16639036, 0.54681987
0.37323612, 0.574691, 0.5113128, 6.768286e-3
0.14653242, 0.18948585, 0.85668117, 0.46671665
0.9198235, 0.8047215, 0.2015984, 0.9262139
0.6931147, 0.41995716, 0.5465208, 0.38616234
0.46640587, 3.4746885e-2, 0.8918892, 0.8461107
0.23970217, 0.6499825, 0.23680645, 0.30605394
1.2993276e-2, 0.26521814, 0.5817289, 0.76600236
0.78628445, 0.880013, 0.92709726, 0.22595072
0.5595756, 0.49524868, 0.2720145, 0.68589395
0.3328719, 0.1100384, 0.6169369, 0.14584237
0.106163025, 0.725274, 0.9623053, 0.6057959
0.8794542, 0.34050965, 0.30722255, 6.5739155e-2
0.65274537, 0.9553045, 0.65214497, 0.5256876
0.42604166, 0.5705402, 0.99751335, 0.98519
0.19933277, 0.18577069, 0.3424306, 0.44513834
0.97262394, 0.80056554, 0.687353, 0.9050816
0.7459151, 0.41580117, 3.27214e-2, 0.36503
0.5192114, 3.0596018e-2, 0.37763864, 0.82497835
0.29250252, 0.6458266, 0.72256106, 0.28492165
6.579369e-2, 0.2610622, 6.792945e-2, 0.74487
0.83908486, 0.87585706, 0.41284668, 0.20481837
0.61238116, 0.49109268, 0.7577691, 0.66476166
0.38567227, 0.10632831, 0.10313749, 0.12471521
0.15896344, 0.7211181, 0.44805473, 0.58466357
0.9322546, 0.33635372, 0.79297715, 4.4606864e-2
0.7055509, 0.95114857, 0.13834554, 0.50410926
0.47884202, 0.5663842, 0.48326278, 0.9640576
0.2521332, 0.18161982, 0.8281852, 0.42400092
2.5424361e-2, 0.7964096, 0.1735484, 0.8839493
0.79872066, 0.41164523, 0.5184708, 0.34389764
0.57201177, 2.688086e-2, 0.86339325, 0.80384094
0.34530294, 0.6416757, 0.20875645, 0.2637893
0.11859411, 0.25691134, 0.5536789, 0.72373766
0.8918904, 0.87169594, 0.89904726, 0.18368095
0.6651815, 0.48693675, 0.2439645, 0.6436345
0.4384727, 0.102172375, 0.5888869, 0.10358286
0.21176386, 0.7169672, 0.9342553, 0.56308013
0.98506016, 0.3322029, 0.27917254, 2.3028553e-2
0.75835127, 0.9474334, 0.62409496, 0.4829769
0.53164244, 0.56222826, 0.96946335, 0.94292015
0.3049336, 0.17746389, 0.3143806, 0.40286857
7.8229904e-2, 0.79225355, 0.659303, 0.86281693
0.851521, 0.40749443, 4.671395e-3, 0.32276016
0.6248122, 2.2724926e-2, 0.34958863, 0.7827086
0.39810336, 0.6375198, 0.69451106, 0.24265695
0.17139965, 0.2527554, 3.987944e-2, 0.70260537
0.94469076, 0.86799103, 0.38479668, 0.16255379
0.71798193, 0.48278594, 0.7297191, 0.62250215
0.4912731, 9.801644e-2, 7.508749e-2, 8.199942e-2
0.26456934, 0.71325207, 0.42000473, 0.54194784
3.7860513e-2, 0.32804692, 0.76492715, 1.8962026e-3
0.8111517, 0.94328254, 0.11030066, 0.46183944
0.584448, 0.55807745, 0.4552179, 0.92178786
0.3577391, 0.17330796, 0.8001403, 0.38173622
0.13103026, 0.7885436, 0.1455087, 0.84167945
0.90432143, 0.40333843, 0.49042594, 0.30162787
0.6776177, 1.8574059e-2, 0.83534837, 0.76157624
0.45090884, 0.63380975, 0.18071675, 0.22152466
0.22420001, 0.24859947, 0.525634, 0.6814731
0.9974912, 0.8638351, 0.8705564, 0.14142144
0.7707875, 0.47862995, 0.2159248, 0.6009187
0.5440786, 9.386557e-2, 0.56084204, 6.086713e-2
0.31736976, 0.70909613, 0.90576446, 0.5208155
9.066093e-2, 0.32389098, 0.25113285, 0.9807587
0.8639572, 0.9391266, 0.5960501, 0.44070715
0.63724834, 0.55436224, 0.9409725, 0.9006555
0.4105395, 0.16915709, 0.2863409, 0.36059874
0.18383068, 0.78438765, 0.63125813, 0.82054716
0.957127, 0.3991825, 0.97618055, 0.2805007
0.7304181, 1.4418125e-2, 0.32154888, 0.74044394
0.50370926, 0.62965375, 0.6664661, 0.20039237
0.27700043, 0.2444486, 1.138854e-2, 0.65989476
5.0296724e-2, 0.85967916, 0.35675174, 0.119838
0.82358783, 0.4749148, 0.70167416, 0.5797864
0.596879, 8.970964e-2, 4.6596587e-2, 3.973478e-2
0.37017018, 0.70494527, 0.3919598, 0.49967802
0.14346647, 0.31974018, 0.7368822, 0.95962644
0.9167576, 0.9349707, 8.2250595e-2, 0.4195748
0.69004875, 0.5502063, 0.42716783, 0.87951803
0.46333992, 0.16500115, 0.77209026, 0.33946645
0.23663622, 0.7802368, 0.11745864, 0.79942
9.927332e-3, 0.39547247, 0.46237588, 0.25936323
0.7832185, 1.0262191e-2, 0.8072983, 0.71931165
0.5565097, 0.6254978, 0.15266669, 0.17881405
0.32980597, 0.24029267, 0.49758393, 0.6387573
0.10309708, 0.8555283, 0.84250635, 9.870571e-2
0.87638825, 0.47076398, 0.18787473, 0.55865407
0.6496794, 8.5553706e-2, 0.532792, 1.8597305e-2
0.42297572, 0.70078933, 0.8777144, 0.47854573
0.19626683, 0.31602496, 0.22308278, 0.9384941
0.969558, 0.9308198, 0.568, 0.39843732
0.7428492, 0.5460555, 0.91292244, 0.85838574
0.51614547, 0.16084522, 0.25829083, 0.3183393
0.28943658, 0.77608085, 0.60320807, 0.7782825
6.272775e-2, 0.39131647, 0.9481305, 0.23823094
0.8360189, 6.111324e-3, 0.29349887, 0.69773334
0.6093152, 0.621347, 0.6384161, 0.1576817
0.38260633, 0.23657751, 0.98333853, 0.617625
0.1558975, 0.85137236, 0.32870692, 7.757336e-2
0.92918867, 0.466608, 0.67362416, 0.5375217
0.70248497, 8.139765e-2, 1.8546581e-2, 0.997465
0.47577608, 0.6966334, 0.36391497, 0.45741338
0.24906725, 0.31186903, 0.7088322, 0.91736174
2.2358418e-2, 0.9266639, 5.3754628e-2, 0.37731022
0.79565465, 0.5418995, 0.399123, 0.8372586
0.5689458, 0.15713513, 0.74404025, 0.29720694
0.342237, 0.7719249, 8.8962674e-2, 0.7567043
0.11552817, 0.38716054, 0.43433106, 0.21665263
0.8888244, 2.3961663e-3, 0.7792483, 0.676601
0.6621156, 0.617191, 0.12417072, 0.13654429
0.43540674, 0.23242664, 0.4695391, 0.59649265
0.20870304, 0.8472164, 0.81445634, 5.644101e-2
0.98199415, 0.46245205, 0.15937877, 0.5163843
0.7552853, 7.768768e-2, 0.50474715, 0.97633266
0.5285765, 0.69248253, 0.8496644, 0.43628103
0.3018728, 0.30771822, 0.19458681, 0.8962295
7.51639e-2, 0.9229487, 0.53995, 0.35617787
0.8484551, 0.53774357, 0.88487244, 0.8161262
0.62174624, 0.1529792, 0.22979486, 0.2756235
0.39504254, 0.76777405, 0.57515806, 0.7355719
0.16833365, 0.38300973, 0.9200805, 0.19552028
0.9416248, 0.99824023, 0.26544887, 0.6554635
0.714916, 0.6130351, 0.6103661, 0.11541194
0.4882123, 0.22827071, 0.9552885, 0.5753603
0.2615034, 0.84350634, 0.3006569, 3.5303533e-2
3.479457e-2, 0.45830125, 0.64557415, 0.49525195
0.80808574, 7.353175e-2, 0.9904966, 0.9552003
0.58138204, 0.6883266, 0.33586496, 0.41514874
0.35467315, 0.30356222, 0.6807822, 0.87509716
0.12796432, 0.91879785, 2.5704622e-2, 0.33459955
0.9012555, 0.53359276, 0.371073, 0.7945428
0.6745518, 0.14882326, 0.71599025, 0.2544912
0.4478429, 0.7640589, 6.091267e-2, 0.7144396
0.22113407, 0.37885374, 0.40628105, 0.1743828
0.99442524, 0.99408937, 0.7511983, 0.6343312
0.76772153, 0.6088843, 9.6120715e-2, 9.427959e-2
0.54101264, 0.22411478, 0.4414891, 0.5542228
0.31430382, 0.8393504, 0.78640634, 1.4171243e-2
8.7594986e-2, 0.45414525, 0.13132876, 0.4741248
0.8608913, 6.938088e-2, 0.47669715, 0.934068
0.6341824, 0.68461657, 0.8216144, 0.39401644
0.40747356, 0.2994063, 0.16653681, 0.85351884
0.18076473, 0.9146419, 0.5119052, 0.31346208
0.95406103, 0.52943677, 0.85682243, 0.7734105
0.72735214, 0.1446724, 0.20174485, 0.23335886
0.5006433, 0.75990295, 0.54711324, 0.6933021
0.27393448, 0.3746978, 0.8920305, 0.15325052
4.723078e-2, 0.98993343, 0.2369529, 0.6131989
0.8205219, 0.60516906, 0.5823213, 7.314211e-2
0.59381306, 0.21996391, 0.9272385, 0.53309053
0.36710423, 0.83519447, 0.27216095, 0.9930441
0.14040053, 0.44998932, 0.61752933, 0.4529873
0.91369164, 6.5224946e-2, 0.9624466, 0.91293573
0.6869828, 0.6804606, 0.307369, 0.37243813
0.46027398, 0.29525542, 0.6527374, 0.83238137
0.23357028, 0.910486, 0.9976546, 0.2923298
6.8613887e-3, 0.5257216, 0.34257704, 0.75227815
0.78015256, 0.14051646, 0.6879454, 0.21222138
0.55344373, 0.7557521, 3.2862663e-2, 0.6721698
0.32674003, 0.3705418, 0.3777902, 0.13211817
0.10003114, 0.9857775, 0.7231534, 0.5920614
0.8733223, 0.6010131, 6.8075836e-2, 5.2015007e-2
0.6466135, 0.21580797, 0.41299826, 0.51196337
0.41990972, 0.8310436, 0.75836146, 0.9719066
0.19320089, 0.4462793, 0.10328388, 0.43140906
0.96649206, 6.106901e-2, 0.44865227, 0.8913574
0.73978835, 0.67630464, 0.7935695, 0.35130066
0.51307946, 0.2910943, 0.13849193, 0.8112491
0.28637064, 0.9063351, 0.4838603, 0.27119744
5.9661806e-2, 0.5215708, 0.82877755, 0.7311407
0.8329581, 0.13636053, 0.17369998, 0.1910891
0.6062492, 0.75159615, 0.51906836, 0.65103745
0.37954038, 0.36683178, 0.8639856, 0.11098069
0.15283155, 0.98162663, 0.20890802, 0.5709343
0.92612785, 0.5968623, 0.5542764, 3.0882657e-2
